# [General]
# timestamp=2024-03-15T20:29:45.456484
# comments='# '
# delimiter='\t'
# column_dtypes=float;;float
# column_headers='Frequency (Hz);;ai0 (V)'
# 
# [Metadata]
# microwave cw power (dbm)=13.0
# microwave scan power (dbm)=13.0
# approx. run time (s)=30.716473817825317
# number of frequency sweeps (#)=27
# start frequencies (hz)=(2815000000.0,)
# stop frequencies (hz)=(2835000000.0,)
# step sizes (hz)=(1000,)
# data rate (hz)=1000.0
# oversampling factor (hz)=1
# averaged scans (#)=0
# 
# ---- END HEADER ----
2.815000000000000e+09	1.085120476201655e-03
2.815020020020020e+09	1.036400912710276e-03
2.815040040040040e+09	9.511416766607829e-04
2.815060060060060e+09	8.780623315284770e-04
2.815080080080080e+09	1.060760694515060e-03
2.815100100100100e+09	1.182559603085048e-03
2.815120120120120e+09	1.292178620874853e-03
2.815140140140140e+09	1.109480258138092e-03
2.815160160160160e+09	1.243459057415706e-03
2.815180180180180e+09	1.182559603101155e-03
2.815200200200200e+09	1.182559603173687e-03
2.815220220220220e+09	1.194739494002223e-03
2.815240240240240e+09	1.560136220021081e-03
2.815260260260260e+09	1.182559603090419e-03
2.815280280280280e+09	1.304358511813505e-03
2.815300300300300e+09	1.450517202169485e-03
2.815320320320320e+09	1.499236765687730e-03
2.815340340340340e+09	1.377437856970011e-03
2.815360360360360e+09	1.803734037365189e-03
2.815380380380380e+09	1.365257966103885e-03
2.815400400400401e+09	1.438337311322160e-03
2.815420420420421e+09	1.669755237840441e-03
2.815440440440441e+09	1.608855783466797e-03
2.815460460460461e+09	1.657575346931321e-03
2.815480480480481e+09	1.840273709977018e-03
2.815500500500501e+09	1.864633491754958e-03
2.815520520520521e+09	1.876813382591530e-03
2.815540540540541e+09	1.888993273457666e-03
2.815560560560561e+09	1.730654692168422e-03
2.815580580580581e+09	2.108231309160867e-03
2.815600600600601e+09	1.998612291352256e-03
2.815620620620621e+09	2.120411200061941e-03
2.815640640640641e+09	1.949892727817870e-03
2.815660660660661e+09	2.047331854854415e-03
2.815680680680681e+09	2.047331854835617e-03
2.815700700700701e+09	2.388368799369428e-03
2.815720720720721e+09	2.193490545272158e-03
2.815740740740741e+09	2.169130763510329e-03
2.815760760760761e+09	2.047331854830225e-03
2.815780780780781e+09	2.364009017526972e-03
2.815800800800801e+09	2.205670436183986e-03
2.815820820820821e+09	2.242210108774298e-03
2.815840840840841e+09	2.388368799294163e-03
2.815860860860861e+09	2.388368799307613e-03
2.815880880880881e+09	2.181310654470523e-03
2.815900900900901e+09	2.339649235808155e-03
2.815920920920921e+09	2.254389999678066e-03
2.815940940940941e+09	2.412728581039868e-03
2.815960960960961e+09	2.351829126647402e-03
2.815980980980981e+09	2.485807926244688e-03
2.816001001001001e+09	2.534527489857073e-03
2.816021021021021e+09	2.376188908436108e-03
2.816041041041041e+09	2.497987817221026e-03
2.816061061061061e+09	2.485807926328043e-03
2.816081081081081e+09	2.583247053321563e-03
2.816101101101101e+09	2.437088362833956e-03
2.816121121121121e+09	2.412728581082871e-03
2.816141141141141e+09	2.351829126642023e-03
2.816161161161161e+09	2.364009017513531e-03
2.816181181181181e+09	2.290929672306003e-03
2.816201201201201e+09	2.510167708046840e-03
2.816221221221221e+09	2.449268253675884e-03
2.816241241241241e+09	2.376188908385036e-03
2.816261261261261e+09	2.266569890541499e-03
2.816281281281281e+09	2.156950872663020e-03
2.816301301301301e+09	2.242210108793114e-03
2.816321321321321e+09	2.230030217929682e-03
2.816341341341341e+09	2.144770981778069e-03
2.816361361361362e+09	2.156950872775901e-03
2.816381381381382e+09	2.120411200016245e-03
2.816401401401402e+09	2.083871527447425e-03
2.816421421421422e+09	2.083871527474298e-03
2.816441441441442e+09	2.242210108806545e-03
2.816461461461462e+09	2.132591090968365e-03
2.816481481481482e+09	1.986432400453882e-03
2.816501501501502e+09	1.803734037435046e-03
2.816521521521522e+09	1.986432400470008e-03
2.816541541541542e+09	1.828093819151195e-03
2.816561561561562e+09	1.742834582996922e-03
2.816581581581582e+09	1.815913928252824e-03
2.816601601601602e+09	1.669755237821638e-03
2.816621621621622e+09	1.803734037373259e-03
2.816641641641642e+09	1.669755237770583e-03
2.816661661661662e+09	1.608855783496360e-03
2.816681681681682e+09	1.511416656508200e-03
2.816701701701702e+09	1.755014473919495e-03
2.816721721721722e+09	1.377437856972693e-03
2.816741741741742e+09	1.487056874843072e-03
2.816761761761762e+09	1.194739493980724e-03
2.816781781781782e+09	1.133840039685001e-03
2.816801801801802e+09	1.267818839225853e-03
2.816821821821822e+09	1.206919384871030e-03
2.816841841841842e+09	1.109480258022548e-03
2.816861861861862e+09	1.109480257963468e-03
2.816881881881882e+09	1.072940585327466e-03
2.816901901901902e+09	9.146020041322275e-04
2.816921921921922e+09	1.012041131037099e-03
2.816941941941942e+09	8.902422223516206e-04
2.816961961961962e+09	7.928030954118393e-04
2.816981981981982e+09	7.440835319768549e-04
2.817002002002002e+09	8.658824406757520e-04
2.817022022022022e+09	8.171628772380814e-04
2.817042042042042e+09	7.075438593757771e-04
2.817062062062062e+09	6.466444051176192e-04
2.817082082082082e+09	7.197237502338548e-04
2.817102102102102e+09	6.588242960025386e-04
2.817122122122122e+09	5.492052782127616e-04
2.817142142142142e+09	6.831840777052705e-04
2.817162162162162e+09	5.004857147750787e-04
2.817182182182182e+09	7.928030954735934e-04
2.817202202202202e+09	7.319036412181309e-04
2.817222222222222e+09	7.684433137117946e-04
2.817242242242242e+09	6.953639686224243e-04
2.817262262262262e+09	5.126656056600105e-04
2.817282282282282e+09	6.831840777536083e-04
2.817302302302302e+09	5.370253874056864e-04
2.817322322322322e+09	6.710041868176650e-04
2.817342342342342e+09	5.857449508111450e-04
2.817362362362362e+09	7.684433137171679e-04
2.817382382382382e+09	8.171628771521481e-04
2.817402402402402e+09	5.857449508863349e-04
2.817422422422422e+09	6.831840777267563e-04
2.817442442442442e+09	5.613851690708270e-04
2.817462462462462e+09	5.370253873224515e-04
2.817482482482482e+09	8.537025497451654e-04
2.817502502502502e+09	8.049829863236148e-04
2.817522522522522e+09	7.197237502983032e-04
2.817542542542542e+09	3.177873527604499e-04
2.817562562562562e+09	7.319036411536926e-04
2.817582582582582e+09	9.998612401629153e-04
2.817602602602602e+09	7.319036411456313e-04
2.817622622622622e+09	9.633215675483967e-04
2.817642642642642e+09	8.293427680532006e-04
2.817662662662663e+09	9.876813492779785e-04
2.817682682682683e+09	1.048580803659653e-03
2.817702702702703e+09	9.633215675403465e-04
2.817722722722723e+09	1.024221021844146e-03
2.817742742742743e+09	8.902422223731013e-04
2.817762762762763e+09	1.085120476147940e-03
2.817782782782783e+09	1.316538402652792e-03
2.817802802802803e+09	9.998612402112635e-04
2.817822822822823e+09	1.170379712229667e-03
2.817842842842843e+09	1.121660148786626e-03
2.817862862862863e+09	1.279998730019465e-03
2.817882882882883e+09	1.292178620907102e-03
2.817902902902903e+09	9.998612401548497e-04
2.817922922922923e+09	1.304358511832321e-03
2.817942942942943e+09	1.340898184347437e-03
2.817962962962963e+09	1.206919384819996e-03
2.817982982982983e+09	1.219099275745230e-03
2.818003003003003e+09	1.121660148765143e-03
2.818023023023023e+09	1.279998730027521e-03
2.818043043043043e+09	1.292178620864111e-03
2.818063063063063e+09	1.182559603171005e-03
2.818083083083083e+09	1.085120476153312e-03
2.818103103103103e+09	1.340898184374302e-03
2.818123123123123e+09	1.243459057429132e-03
2.818143143143143e+09	1.219099275780152e-03
2.818163163163163e+09	1.097300367070493e-03
2.818183183183183e+09	1.097300367062421e-03
2.818203203203203e+09	1.158199821342041e-03
2.818223223223223e+09	1.267818839180201e-03
2.818243243243243e+09	1.158199821371579e-03
2.818263263263263e+09	1.072940585327472e-03
2.818283283283283e+09	9.267818949580767e-04
2.818303303303303e+09	9.755014583688769e-04
2.818323323323323e+09	1.194739494020999e-03
2.818343343343343e+09	8.780623315042874e-04
2.818363363363363e+09	9.267818950171591e-04
2.818383383383383e+09	6.344645142219585e-04
2.818403403403403e+09	9.024221131935733e-04
2.818423423423423e+09	6.466444051176315e-04
2.818443443443443e+09	7.806232046047774e-04
2.818463463463463e+09	6.831840776623090e-04
2.818483483483483e+09	8.902422223704152e-04
2.818503503503503e+09	8.658824408717978e-04
2.818523523523523e+09	4.883058239089499e-04
2.818543543543543e+09	3.665069153684693e-04
2.818563563563563e+09	5.613851690869273e-04
2.818583583583583e+09	4.517661513803841e-04
2.818603603603604e+09	2.690677884850914e-04
2.818623623623624e+09	1.229090981559733e-04
2.818643643643644e+09	1.959884433903212e-04
2.818663663663664e+09	3.056074610244007e-04
2.818683683683684e+09	5.248454964643842e-04
2.818703703703704e+09	4.517661513400984e-04
2.818723723723724e+09	1.716286616097318e-04
2.818743743743744e+09	1.107292072764180e-04
2.818763763763764e+09	3.056074610056132e-04
2.818783783783784e+09	8.636942560590414e-05
2.818803803803804e+09	-2.324959211141019e-05
2.818823823823824e+09	1.229090982096598e-04
2.818843843843844e+09	-7.196915555980878e-05
2.818863863863864e+09	-8.414904639641390e-05
2.818883883883884e+09	-1.106970126138268e-05
2.818903903903904e+09	-1.572283915180248e-04
2.818923923923924e+09	-1.328686098233420e-04
2.818943943943944e+09	-1.085088281152451e-04
2.818963963963964e+09	-1.572283915609616e-04
2.818983983983984e+09	7.418953472635292e-05
2.819004004004004e+09	-1.328686098421253e-04
2.819024024024024e+09	-3.399267542629964e-04
2.819044044044044e+09	2.546997136653678e-05
2.819064064064064e+09	-4.495457720071329e-04
2.819084084084084e+09	-1.206887189384340e-04
2.819104104104104e+09	-2.059479549744704e-04
2.819124124124124e+09	-1.694082824002467e-04
2.819144144144144e+09	-4.739055535998355e-04
2.819164164164164e+09	-2.424876274950108e-04
2.819184184184184e+09	-3.642865360328300e-04
2.819204204204204e+09	-6.687838073182986e-04
2.819224224224224e+09	-5.469848988180625e-04
2.819244244244244e+09	-5.348050079841384e-04
2.819264264264264e+09	-3.521066451854844e-04
2.819284284284284e+09	-5.835245713117868e-04
2.819304304304304e+09	-4.982653354018553e-04
2.819324324324324e+09	-5.226251171099656e-04
2.819344344344344e+09	-4.617256628786257e-04
2.819364364364364e+09	-7.053234799032493e-04
2.819384384384384e+09	-6.322441347870107e-04
2.819404404404405e+09	-5.835245713922749e-04
2.819424424424425e+09	-8.393022792454525e-04
2.819444444444445e+09	-8.514821700123294e-04
2.819464464464465e+09	-9.976408602287014e-04
2.819484484484485e+09	-1.107259877916466e-03
2.819504504504505e+09	-1.119439768753070e-03
2.819524524524525e+09	-1.229058786352310e-03
2.819544544544545e+09	-1.216878895518381e-03
2.819564564564565e+09	-1.472656603272299e-03
2.819584584584585e+09	-1.679714747615404e-03
2.819604604604605e+09	-1.484836494074064e-03
2.819624624624625e+09	-1.801513655962783e-03
2.819644644644645e+09	-1.850233219360181e-03
2.819664664664665e+09	-2.081651145376501e-03
2.819684684684685e+09	-1.923312564355736e-03
2.819704704704705e+09	-2.142550599495258e-03
2.819724724724725e+09	-2.215629944563186e-03
2.819744744744745e+09	-2.325248962063234e-03
2.819764764764765e+09	-2.422688088691829e-03
2.819784784784785e+09	-2.422688088790996e-03
2.819804804804805e+09	-2.495767433631111e-03
2.819824824824825e+09	-2.788084813817090e-03
2.819844844844845e+09	-2.909883722159123e-03
2.819864864864865e+09	-2.848984267997484e-03
2.819884884884885e+09	-3.104761975483332e-03
2.819904904904905e+09	-2.946423394626089e-03
2.819924924924925e+09	-3.129121757073492e-03
2.819944944944945e+09	-3.007322848809168e-03
2.819964964964965e+09	-3.445798905623079e-03
2.819984984984985e+09	-3.311820119553047e-03
2.820005005005005e+09	-3.360539682875393e-03
2.820025025025025e+09	-3.445798918613816e-03
2.820045045045045e+09	-3.470158700311157e-03
2.820065065065065e+09	-3.567597826979942e-03
2.820085085085085e+09	-3.628497281023736e-03
2.820105105105105e+09	-3.494518481987059e-03
2.820125125125125e+09	-3.750296189355014e-03
2.820145145145145e+09	-3.725936407689837e-03
2.820165165165165e+09	-3.884274988431863e-03
2.820185185185185e+09	-3.762476080175569e-03
2.820205205205205e+09	-3.945174442523861e-03
2.820225225225225e+09	-3.835555425109519e-03
2.820245245245245e+09	-3.981714115039043e-03
2.820265265265265e+09	-3.993894005822098e-03
2.820285285285285e+09	-4.286211385592769e-03
2.820305305305305e+09	-4.298391276300878e-03
2.820325325325325e+09	-4.395830402953564e-03
2.820345345345345e+09	-4.505449420370561e-03
2.820365365365366e+09	-4.408010293747334e-03
2.820385385385386e+09	-4.615068437685855e-03
2.820405405405406e+09	-4.822126581592261e-03
2.820425425425426e+09	-4.931745598928959e-03
2.820445445445446e+09	-4.943925489784288e-03
2.820465465465466e+09	-4.907385817119270e-03
2.820485485485486e+09	-5.297142323371275e-03
2.820505505505506e+09	-5.723438501777151e-03
2.820525525525526e+09	-5.930496645456140e-03
2.820545545545546e+09	-5.735618392568264e-03
2.820565565565566e+09	-5.954856427134649e-03
2.820585585585586e+09	-6.271533588128929e-03
2.820605605605606e+09	-6.612570530609179e-03
2.820625625625626e+09	-6.892708018984117e-03
2.820645645645646e+09	-7.501702558879784e-03
2.820665665665666e+09	-7.635681357632945e-03
2.820685685685686e+09	-7.842739501114138e-03
2.820705705705706e+09	-8.305575351064768e-03
2.820725725725726e+09	-8.695331856319391e-03
2.820745745745746e+09	-8.914569890431481e-03
2.820765765765766e+09	-9.535744320215540e-03
2.820785785785786e+09	-1.003511984205904e-02
2.820805805805806e+09	-1.046141601911847e-02
2.820825825825826e+09	-1.091207197758678e-02
2.820845845845846e+09	-1.144798717127015e-02
2.820865865865866e+09	-1.191082302019093e-02
2.820885885885886e+09	-1.258071701176078e-02
2.820905905905906e+09	-1.337240991053018e-02
2.820925925925926e+09	-1.399358433852566e-02
2.820945945945946e+09	-1.462693865699013e-02
2.820965965965966e+09	-1.538209188251877e-02
2.820985985985986e+09	-1.606416576332536e-02
2.821006006006006e+09	-1.669752008094148e-02
2.821026026026026e+09	-1.757447221247129e-02
2.821046046046046e+09	-1.882900095546504e-02
2.821066066066066e+09	-1.935273625560729e-02
2.821086086086086e+09	-2.009570958811118e-02
2.821106106106106e+09	-2.099702149908135e-02
2.821126126126126e+09	-2.198359264395955e-02
2.821146146146146e+09	-2.281182521015906e-02
2.821166166166166e+09	-2.395673493285280e-02
2.821186186186186e+09	-2.517472399858327e-02
2.821206206206206e+09	-2.612475546906876e-02
2.821226226226226e+09	-2.750108311128716e-02
2.821246246246246e+09	-2.820751676784514e-02
2.821266266266266e+09	-2.964474386127239e-02
2.821286286286286e+09	-3.082619325056177e-02
2.821306306306306e+09	-3.193456329537029e-02
2.821326326326326e+09	-3.294549421473764e-02
2.821346346346346e+09	-3.423656261663845e-02
2.821366366366366e+09	-3.591738751567331e-02
2.821386386386386e+09	-3.673344018342183e-02
2.821406406406406e+09	-3.808540803489319e-02
2.821426426426426e+09	-3.914505851229833e-02
2.821446446446446e+09	-4.063100515746323e-02
2.821466466466466e+09	-4.180027464781402e-02
2.821486486486486e+09	-4.293300446561936e-02
2.821506506506506e+09	-4.305480315537736e-02
2.821526526526526e+09	-4.523500377008140e-02
2.821546546546546e+09	-4.631901402366388e-02
2.821566566566566e+09	-4.742738405728963e-02
2.821586586586586e+09	-4.832869595211502e-02
2.821606606606606e+09	-4.907166927045766e-02
2.821626626626626e+09	-4.975374313614175e-02
2.821646646646646e+09	-5.060633546783749e-02
2.821666666666667e+09	-5.121532999019363e-02
2.821686686686687e+09	-5.203138264974553e-02
2.821706706706707e+09	-5.244549892456110e-02
2.821726726726727e+09	-5.287179508971587e-02
2.821746746746747e+09	-5.344424993985344e-02
2.821766766766767e+09	-5.354168906331300e-02
2.821786786786787e+09	-5.362694829633197e-02
2.821806806806807e+09	-5.320065213127074e-02
2.821826826826827e+09	-5.341989015896190e-02
2.821846846846847e+09	-5.317629235044938e-02
2.821866866866867e+09	-5.300577388442958e-02
2.821886886886887e+09	-5.239677936283262e-02
2.821906906906907e+09	-5.171470549833757e-02
2.821926926926927e+09	-5.075249415319454e-02
2.821946946946947e+09	-4.989990182160811e-02
2.821966966966967e+09	-4.880371168021073e-02
2.821986986986987e+09	-4.736648460487061e-02
2.822007007007007e+09	-4.612413577589059e-02
2.822027027027027e+09	-4.437023154516370e-02
2.822047047047047e+09	-4.262850720286076e-02
2.822067067067067e+09	-4.074062417222419e-02
2.822087087087087e+09	-3.873094223384935e-02
2.822107107107107e+09	-3.679433963622030e-02
2.822127127127127e+09	-3.429746206954725e-02
2.822147147147147e+09	-3.201982252953996e-02
2.822167167167167e+09	-3.085055302981824e-02
2.822187187187187e+09	-2.694080814205489e-02
2.822207207207207e+09	-2.409071373000604e-02
2.822227227227227e+09	-2.127715898479770e-02
2.822247247247247e+09	-1.846360423427420e-02
2.822267267267267e+09	-1.561350980638285e-02
2.822287287287287e+09	-1.262943657472796e-02
2.822307307307307e+09	-9.669723118704378e-03
2.822327327327327e+09	-6.539491185619154e-03
2.822347347347347e+09	-3.421439136978075e-03
2.822367367367367e+09	-6.200642438699124e-04
2.822387387387387e+09	-2.568846727336818e-03
2.822407407407407e+09	5.482061084875796e-03
2.822427427427427e+09	8.551393595175361e-03
2.822447447447447e+09	1.134058861985199e-02
2.822467467467467e+09	1.415414343166555e-02
2.822487487487487e+09	1.700423792191840e-02
2.822507507507507e+09	1.976907318046770e-02
2.822527527527527e+09	2.230249051440687e-02
2.822547547547547e+09	2.484808774378671e-02
2.822567567567567e+09	2.711354748287646e-02
2.822587587587587e+09	2.952516591847045e-02
2.822607607607608e+09	3.141304904012409e-02
2.822627627627628e+09	3.332529194629809e-02
2.822647647647648e+09	3.534715387547184e-02
2.822667667667668e+09	3.706451852831281e-02
2.822687687687688e+09	3.844084623025598e-02
2.822707707707708e+09	3.959793589209427e-02
2.822727727727728e+09	4.093772392292500e-02
2.822747747747748e+09	4.207045380439672e-02
2.822767767767768e+09	4.316664401314197e-02
2.822787787787788e+09	4.373909890030130e-02
2.822807807807808e+09	4.428719400520831e-02
2.822827827827828e+09	4.144927936023438e-02
2.822847847847848e+09	4.477438965414834e-02
2.822867867867868e+09	4.506670704363147e-02
2.822887887887888e+09	4.494490813131443e-02
2.822907907907908e+09	4.482310921905531e-02
2.822927927927928e+09	4.405577607195127e-02
2.822947947947948e+09	4.355640053204216e-02
2.822967967967968e+09	4.284996684169585e-02
2.822987987987988e+09	4.202173423959441e-02
2.823008008008008e+09	4.114478207321644e-02
2.823028028028028e+09	3.980499404223998e-02
2.823048048048048e+09	3.844084623022027e-02
2.823068068068068e+09	3.736901580740648e-02
2.823088088088088e+09	3.601704788869877e-02
2.823108108108108e+09	3.429968323712471e-02
2.823128128128128e+09	3.266757782538124e-02
2.823148148148148e+09	3.074315502887705e-02
2.823168168168168e+09	2.908668983901142e-02
2.823188188188188e+09	2.747894421520848e-02
2.823208208208208e+09	2.540836273271447e-02
2.823228228228228e+09	2.344740027257603e-02
2.823248248248248e+09	2.152297748809218e-02
2.823268268268268e+09	1.952547536016047e-02
2.823288288288288e+09	1.734527486982470e-02
2.823308308308308e+09	1.540867220228616e-02
2.823328328328328e+09	1.298487389873205e-02
2.823348348348348e+09	1.086557287281794e-02
2.823368368368368e+09	8.770631631904649e-03
2.823388388388388e+09	6.736589848227568e-03
2.823408408408409e+09	4.276251886186837e-03
2.823428428428429e+09	2.059511745715176e-03
2.823448448448449e+09	-2.059479549476298e-04
2.823468468468469e+09	6.831840917760541e-04
2.823488488488489e+09	-4.456729857053587e-03
2.823508508508509e+09	-6.990147145275679e-03
2.823528528528529e+09	-8.902389999656370e-03
2.823548548548549e+09	-1.132618826355377e-02
2.823568568568569e+09	-1.333587023830079e-02
2.823588588588589e+09	-1.551607068053624e-02
2.823608608608609e+09	-1.765973144749239e-02
2.823628628628629e+09	-1.948671505326363e-02
2.823648648648649e+09	-2.126497909411566e-02
2.823668668668669e+09	-2.334774039960532e-02
2.823688688688689e+09	-2.523562345175018e-02
2.823708708708709e+09	-2.724530540795577e-02
2.823728728728729e+09	-2.897484987722446e-02
2.823748748748749e+09	-3.054605576658646e-02
2.823768768768769e+09	-3.212944154495471e-02
2.823788788788789e+09	-3.353012896288046e-02
2.823808808808809e+09	-3.491863648894374e-02
2.823828828828829e+09	-3.647766248166452e-02
2.823848848848849e+09	-3.774437109947829e-02
2.823868868868869e+09	-3.882838135819627e-02
2.823888888888889e+09	-3.970533347704627e-02
2.823908908908909e+09	-4.059446548588323e-02
2.823928928928929e+09	-4.122781979322028e-02
2.823948948948949e+09	-4.181245453825696e-02
2.823968968968969e+09	-4.233618983044840e-02
2.823988988988989e+09	-4.251888818822805e-02
2.824009009009009e+09	-4.266504687437275e-02
2.824029029029029e+09	-4.292082457506655e-02
2.824049049049049e+09	-4.261632731230013e-02
2.824069069069069e+09	-4.227529037794325e-02
2.824089089089089e+09	-4.171501541415613e-02
2.824109109109109e+09	-4.114256055955454e-02
2.824129129129129e+09	-3.946173566000338e-02
2.824149149149149e+09	-3.954699490000313e-02
2.824169169169169e+09	-3.800014880104930e-02
2.824189189189189e+09	-3.684305919835832e-02
2.824209209209209e+09	-3.535711254953239e-02
2.824229229229229e+09	-3.340833005697870e-02
2.824249249249249e+09	-3.156916657730437e-02
2.824269269269269e+09	-2.975436287678990e-02
2.824289289289289e+09	-2.753762278321954e-02
2.824309309309309e+09	-2.522344356103381e-02
2.824329329329329e+09	-2.314068225814292e-02
2.824349349349349e+09	-2.053418565295662e-02
2.824369369369370e+09	-1.781807002670916e-02
2.824389389389390e+09	-1.511413428630827e-02
2.824409409409410e+09	-1.232493930579019e-02
2.824429429429430e+09	-9.730622572678658e-03
2.824449449449450e+09	-6.624750421373563e-03
2.824469469469470e+09	-3.713756516813058e-03
2.824489489489490e+09	-7.053234798898280e-04
2.824509509509510e+09	2.205670436264614e-03
2.824529529529530e+09	5.165383921608839e-03
2.824549549549550e+09	7.857139812527060e-03
2.824569569569570e+09	1.110917069178952e-02
2.824589589589590e+09	1.408106408591356e-02
2.824609609609610e+09	1.706513737690767e-02
2.824629629629630e+09	1.959855470621869e-02
2.824649649649650e+09	2.257044811737684e-02
2.824669669669670e+09	2.493334698128671e-02
2.824689689689690e+09	2.730842574015658e-02
2.824709709709710e+09	2.993928221590883e-02
2.824729729729730e+09	3.244833978519787e-02
2.824749749749750e+09	3.455546095107632e-02
2.824769769769770e+09	3.682092070505436e-02
2.824789789789790e+09	3.531061421123363e-02
2.824809809809810e+09	3.999987235949757e-02
2.824829829829830e+09	4.214353315163043e-02
2.824849849849850e+09	4.364165977057283e-02
2.824869869869870e+09	4.492054834890232e-02
2.824889889889890e+09	4.618725703714235e-02
2.824909909909910e+09	4.714946844532516e-02
2.824929929929930e+09	4.795334126774404e-02
2.824949949949950e+09	4.869631463439808e-02
2.824969969969970e+09	4.892773256830089e-02
2.824989989989990e+09	4.935402876254114e-02
2.825010010010010e+09	4.969506571793055e-02
2.825030030030030e+09	4.982904452187886e-02
2.825050050050050e+09	4.943928800142235e-02
2.825070070070070e+09	4.922004995858455e-02
2.825090090090090e+09	4.858669561310762e-02
2.825110110110110e+09	4.779500268152743e-02
2.825130130130130e+09	4.699112985908922e-02
2.825150150150150e+09	4.615071736334490e-02
2.825170170170170e+09	4.516414617348122e-02
2.825190190190190e+09	4.359294020567966e-02
2.825210210210210e+09	4.266726847360741e-02
2.825230230230230e+09	4.126658098515889e-02
2.825250250250250e+09	3.965883534802288e-02
2.825270270270270e+09	3.784403156286834e-02
2.825290290290290e+09	3.623628592944922e-02
2.825310310310310e+09	3.448238160418603e-02
2.825330330330330e+09	3.247269956743715e-02
2.825350350350350e+09	3.087713383109309e-02
2.825370370370370e+09	2.884309201710280e-02
2.825390390390390e+09	2.686994966130085e-02
2.825410410410410e+09	2.471410894215200e-02
2.825430430430430e+09	2.268006713664476e-02
2.825450450450450e+09	2.387369647515970e-02
2.825470470470470e+09	1.852672429714127e-02
2.825490490490490e+09	1.622472489837081e-02
2.825510510510510e+09	1.423940266840780e-02
2.825530530530530e+09	1.174252502109888e-02
2.825550550550550e+09	9.562324542295750e-03
2.825570570570570e+09	7.479563193965089e-03
2.825590590590590e+09	5.384621957747797e-03
2.825610610610610e+09	3.155701924698984e-03
2.825630630630630e+09	8.780623315418891e-04
2.825650650650651e+09	-1.618815293341179e-03
2.825670670670671e+09	-3.421439136962023e-03
2.825690690690691e+09	-5.699078720125369e-03
2.825710710710711e+09	-7.672221030014335e-03
2.825730730730731e+09	-9.815881808077732e-03
2.825750750750751e+09	-1.189864312947180e-02
2.825770770770771e+09	-1.390832510328115e-02
2.825790790790791e+09	-1.580838805807340e-02
2.825810810810811e+09	-1.781807002672244e-02
2.825830830830831e+09	-1.981557210207405e-02
2.825850850850851e+09	-2.122843942213573e-02
2.825870870870871e+09	-2.284836488224753e-02
2.825890890890891e+09	-2.483368706024010e-02
2.825910910910911e+09	-2.646579240704199e-02
2.825930930930931e+09	-2.782994015831967e-02
2.825950950950951e+09	-2.925498736148705e-02
2.825970970970971e+09	-3.047297642290113e-02
2.825990990990991e+09	-3.199546274836330e-02
2.826011011011011e+09	-3.278715563697746e-02
2.826031031031031e+09	-3.382244633686379e-02
2.826051051051051e+09	-3.471157834919309e-02
2.826071071071071e+09	-3.552763101754039e-02
2.826091091091091e+09	-3.552763101229797e-02
2.826111111111111e+09	-3.650202226276501e-02
2.826131131131131e+09	-3.686741897956378e-02
2.826151151151151e+09	-3.711101679069471e-02
2.826171171171171e+09	-3.700139777557458e-02
2.826191191191191e+09	-3.724499558681306e-02
2.826211211211211e+09	-3.692831843230451e-02
2.826231231231231e+09	-3.663600105886497e-02
2.826251251251251e+09	-3.590520762510730e-02
2.826271271271271e+09	-3.553981090808801e-02
2.826291291291291e+09	-3.462631911508660e-02
2.826311311311311e+09	-3.349358929113254e-02
2.826331331331331e+09	-3.250701815339443e-02
2.826351351351351e+09	-3.099671171906172e-02
2.826371371371371e+09	-2.958384440809491e-02
2.826391391391391e+09	-2.790301950207360e-02
2.826411411411411e+09	-2.578371853084983e-02
2.826431431431431e+09	-2.390801537020929e-02
2.826451451451451e+09	-2.189833340950826e-02
2.826471471471471e+09	-1.954761450677995e-02
2.826491491491491e+09	-1.728215483533276e-02
2.826511511511511e+09	-1.498015548835996e-02
2.826531531531531e+09	-1.219096050759982e-02
2.826551551551551e+09	-9.584463883356001e-03
2.826571571571571e+09	-6.746549329295483e-03
2.826591591591591e+09	-4.274031494707964e-03
2.826611611611612e+09	-1.168159332056603e-03
2.826631631631632e+09	1.828093819196889e-03
2.826651651651652e+09	4.617288831299077e-03
2.826671671671672e+09	7.905859376109834e-03
2.826691691691692e+09	1.070723429059124e-02
2.826711711711712e+09	1.372784724770525e-02
2.826731731731732e+09	1.667538086501051e-02
2.826751751751752e+09	1.723565585831903e-02
2.826771771771772e+09	2.242428942484999e-02
2.826791791791792e+09	2.533528338629443e-02
2.826811811811812e+09	2.800267953191352e-02
2.826831831831832e+09	3.068225557337872e-02
2.826851851851852e+09	3.330093216406158e-02
2.826871871871872e+09	3.588306908608302e-02
2.826891891891892e+09	3.833122720964881e-02
2.826911911911912e+09	4.066976631665820e-02
2.826931931931932e+09	4.261854890875007e-02
2.826951951951952e+09	4.478656954538474e-02
2.826971971971972e+09	4.674753203422614e-02
2.826991991991992e+09	4.848925648297073e-02
2.827012012012012e+09	5.041367930297424e-02
2.827032032032032e+09	5.179000701755777e-02
2.827052052052052e+09	5.312979505959502e-02
2.827072072072072e+09	5.472536082037832e-02
2.827092092092092e+09	5.568757223414465e-02
2.827112112112112e+09	5.667414343122393e-02
2.827132132132132e+09	5.736839723699860e-02
2.827152152152152e+09	5.790431245577671e-02
2.827172172172172e+09	5.841586789197438e-02
2.827192192192192e+09	5.881780430627816e-02
2.827212212212212e+09	5.867164563369758e-02
2.827232232232232e+09	5.914666137267403e-02
2.827252252252252e+09	5.881780430631150e-02
2.827272272272272e+09	5.863510593613173e-02
2.827292292292292e+09	5.829406897855269e-02
2.827312312312312e+09	5.755109560707276e-02
2.827332332332332e+09	5.731967767170437e-02
2.827352352352352e+09	5.643054560475553e-02
2.827372372372372e+09	5.565103256017814e-02
2.827392392392392e+09	5.499331842918870e-02
2.827412412412413e+09	5.554141355350648e-02
2.827432432432433e+09	5.320287440733400e-02
2.827452452452453e+09	5.205796462583618e-02
2.827472472472473e+09	5.082779560634595e-02
2.827492492492493e+09	5.003610267350523e-02
2.827512512512513e+09	4.872067441686251e-02
2.827532532532533e+09	4.756358474766054e-02
2.827552552552553e+09	4.630905594945663e-02
2.827572572572573e+09	4.505452715238404e-02
2.827592592592593e+09	4.422629454909528e-02
2.827612612612613e+09	4.258200923505472e-02
2.827632632632633e+09	4.155889837394237e-02
2.827652652652653e+09	4.057232718711964e-02
2.827672672672673e+09	3.915945980964906e-02
2.827692692692693e+09	3.796583047458268e-02
2.827712712712713e+09	3.683310059616158e-02
2.827732732732733e+09	3.574909028332464e-02
2.827752752752753e+09	3.448238160418603e-02
2.827772772772773e+09	3.344709085769147e-02
2.827792792792793e+09	3.257013869644612e-02
2.827812812812813e+09	3.137650936672282e-02
2.827832832832833e+09	3.041429796897945e-02
2.827852852852853e+09	2.915976918548869e-02
2.827872872872873e+09	2.824627735361739e-02
2.827892892892893e+09	2.741804475981116e-02
2.827912912912913e+09	2.648019314690970e-02
2.827932932932933e+09	2.571286000939016e-02
2.827952952952953e+09	2.477500839751926e-02
2.827972972972973e+09	2.383715678619326e-02
2.827992992992993e+09	2.294802473964737e-02
2.828013013013013e+09	2.213197203987521e-02
2.828033033033033e+09	2.134027912265463e-02
2.828053053053053e+09	2.060948566090707e-02
2.828073073073073e+09	2.132809923954417e-02
2.828093093093093e+09	1.940367644991049e-02
2.828113113113113e+09	1.866070309812631e-02
2.828133133133133e+09	1.791772974674662e-02
2.828153153153153e+09	1.740617432469191e-02
2.828173173173173e+09	1.700423792183434e-02
2.828193193193193e+09	1.641960315417164e-02
2.828213213213213e+09	1.539649231129049e-02
2.828233233233233e+09	1.516507438260289e-02
2.828253253253253e+09	1.473877819844767e-02
2.828273273273273e+09	1.411760375872187e-02
2.828293293293293e+09	1.358168855609025e-02
2.828313313313313e+09	1.315539237225985e-02
2.828333333333333e+09	1.275345597058852e-02
2.828353353353354e+09	1.229062011404715e-02
2.828373373373374e+09	1.181560436682118e-02
2.828393393393394e+09	1.148674731121278e-02
2.828413413413414e+09	1.135276851072868e-02
2.828433433433434e+09	1.075595385443309e-02
2.828453453453454e+09	1.052453592638688e-02
2.828473473473474e+09	1.014695930721220e-02
2.828493493493494e+09	9.915541379409091e-03
2.828513513513514e+09	9.525784869552080e-03
2.828533533533534e+09	9.282187050839805e-03
2.828553553553554e+09	8.977689777535871e-03
2.828573573573574e+09	8.965509886704972e-03
2.828593593593594e+09	8.453954467702321e-03
2.828613613613614e+09	8.332155558402912e-03
2.828633633633634e+09	7.966758830793249e-03
2.828653653653654e+09	8.052018067208714e-03
2.828673673673674e+09	8.003298503625956e-03
2.828693693693694e+09	7.564822430391347e-03
2.828713713713714e+09	8.429594688158968e-03
2.828733733733734e+09	7.175065921106243e-03
2.828753753753754e+09	7.138526248381399e-03
2.828773773773774e+09	7.187245811945327e-03
2.828793793793794e+09	7.028907230117935e-03
2.828813813813814e+09	6.700050175456905e-03
2.828833833833834e+09	6.882748539132318e-03
2.828853853853854e+09	6.846208866439812e-03
2.828873873873874e+09	6.712230066403805e-03
2.828893893893894e+09	6.529531702747267e-03
2.828913913913914e+09	6.712230066433462e-03
2.828933933933934e+09	6.541711593694178e-03
2.828953953953954e+09	6.456452357254467e-03
2.828973973973974e+09	6.517351811910861e-03
2.828993993993994e+09	6.261574102739937e-03
2.829014014014014e+09	6.334653448294710e-03
2.829034034034034e+09	6.334653448149206e-03
2.829054054054054e+09	6.225034430031261e-03
2.829074074074074e+09	6.237214320988937e-03
2.829094094094094e+09	6.383373011829015e-03
2.829114114114114e+09	6.249394211836151e-03
2.829134134134134e+09	6.322473557382810e-03
2.829154154154154e+09	6.261574102734551e-03
2.829174174174174e+09	6.383373011818253e-03
2.829194194194194e+09	6.091055630051848e-03
2.829214214214214e+09	6.334653448265070e-03
2.829234234234234e+09	6.066695848236185e-03
2.829254254254254e+09	6.249394211817287e-03
2.829274274274274e+09	6.164134975450342e-03
2.829294294294294e+09	6.200674648180567e-03
2.829314314314314e+09	6.176314866367603e-03
2.829334334334334e+09	6.285933884601408e-03
2.829354354354354e+09	6.139775193691249e-03
2.829374374374374e+09	6.553891485603400e-03
2.829394394394394e+09	6.480812139118641e-03
2.829414414414414e+09	6.456452357338006e-03
2.829434434434434e+09	6.212854539157120e-03
2.829454454454454e+09	6.359013229986417e-03
2.829474474474474e+09	6.505171920936992e-03
2.829494494494494e+09	6.334653448243507e-03
2.829514514514514e+09	6.383373011815554e-03
2.829534534534534e+09	6.334653448235422e-03
2.829554554554554e+09	6.468632248198680e-03
2.829574574574574e+09	6.176314866402632e-03
2.829594594594594e+09	6.444272466407271e-03
2.829614614614614e+09	6.553891484579077e-03
2.829634634634634e+09	6.675690395005302e-03
2.829654654654655e+09	6.334653448251586e-03
2.829674674674675e+09	6.468632248193278e-03
2.829694694694695e+09	6.663510502723973e-03
2.829714714714715e+09	6.590431157312024e-03
2.829734734734735e+09	6.505171920918131e-03
2.829754754754755e+09	6.602611048175385e-03
2.829774774774775e+09	6.748769739125953e-03
2.829794794794795e+09	6.821849084575640e-03
2.829814814814815e+09	6.748769739177165e-03
2.829834834834835e+09	6.846208866439816e-03
2.829854854854855e+09	7.053267011949765e-03
2.829874874874875e+09	6.760949630045914e-03
2.829894894894895e+09	6.955827884689821e-03
2.829914914914915e+09	6.675690393716704e-03
2.829934934934935e+09	7.089806684698856e-03
2.829954954954955e+09	7.150706139225887e-03
2.829974974974975e+09	6.748769739134037e-03
2.829994994994995e+09	7.138526248314009e-03
2.830015015015015e+09	7.028907230139490e-03
2.830035035035035e+09	7.248145267084434e-03
2.830055055055055e+09	7.187245811985772e-03
2.830075075075075e+09	7.150706139190843e-03
2.830095095095095e+09	6.870568648223142e-03
2.830115115115115e+09	7.041087121078322e-03
2.830135135135135e+09	6.894928430049581e-03
2.830155155155155e+09	7.077626793743854e-03
2.830175175175175e+09	7.028907230117927e-03
2.830195195195195e+09	6.785309411829232e-03
2.830215215215215e+09	6.919288211857154e-03
2.830235235235235e+09	6.907108320988418e-03
2.830255255255255e+09	6.931468102812157e-03
2.830275275275275e+09	6.602611048240067e-03
2.830295295295295e+09	6.846208866415563e-03
2.830315315315315e+09	6.639150720916410e-03
2.830335335335335e+09	6.760949630062092e-03
2.830355355355355e+09	6.419912684578129e-03
2.830375375375375e+09	6.444272466401873e-03
2.830395395395395e+09	6.492992030019715e-03
2.830415415415415e+09	6.176314866402629e-03
2.830435435435435e+09	6.188494757292952e-03
2.830455455455455e+09	6.359013229970251e-03
2.830475475475475e+09	6.164134975531166e-03
2.830495495495495e+09	5.993616502840394e-03
2.830515515515515e+09	5.993616502816141e-03
2.830535535535535e+09	5.969256720989697e-03
2.830555555555555e+09	5.908357266554274e-03
2.830575575575575e+09	5.713479012053198e-03
2.830595595595595e+09	5.737838793831145e-03
2.830615615615616e+09	5.603859993881376e-03
2.830635635635636e+09	5.506420866642978e-03
2.830655655655656e+09	5.506420866721072e-03
2.830675675675676e+09	5.810918139617590e-03
2.830695695695696e+09	5.457701303149000e-03
2.830715715715716e+09	5.323722503220778e-03
2.830735735735736e+09	5.323722503185767e-03
2.830755755755756e+09	5.238463266864617e-03
2.830775775775776e+09	5.165383921493049e-03
2.830795795795796e+09	4.885246430899743e-03
2.830815815815816e+09	5.031405121615988e-03
2.830835835835836e+09	4.763447521964172e-03
2.830855855855856e+09	4.848706758193761e-03
2.830875875875876e+09	4.641648612985517e-03
2.830895895895896e+09	4.702548067493683e-03
2.830915915915916e+09	4.483310031368169e-03
2.830935935935936e+09	4.580749158533870e-03
2.830955955955956e+09	4.690368176571049e-03
2.830975975975976e+09	4.385870904199794e-03
2.830995995995996e+09	4.312791558890115e-03
2.831016016016016e+09	4.215352431713675e-03
2.831036036036036e+09	4.495489922247747e-03
2.831056056056056e+09	4.288431777190190e-03
2.831076076076076e+09	4.361511122451441e-03
2.831096096096096e+09	4.373691013333697e-03
2.831116116116116e+09	4.324971449737387e-03
2.831136136136136e+09	4.410230685996588e-03
2.831156156156156e+09	4.398050795133186e-03
2.831176176176176e+09	4.288431777106761e-03
2.831196196196196e+09	4.178812759093797e-03
2.831216216216216e+09	4.105733413741087e-03
2.831236236236236e+09	4.410230686080020e-03
2.831256256256256e+09	4.239712213537379e-03
2.831276276276276e+09	4.227532322663210e-03
2.831296296296296e+09	4.337151340622339e-03
2.831316316316316e+09	4.251892104454622e-03
2.831336336336336e+09	4.227532322811214e-03
2.831356356356356e+09	4.337151340695006e-03
2.831376376376376e+09	4.653828503951214e-03
2.831396396396396e+09	4.471130140496681e-03
2.831416416416417e+09	4.398050795146641e-03
2.831436436436437e+09	4.385870904210565e-03
2.831456456456457e+09	4.117913304628711e-03
2.831476476476477e+09	4.471130140507464e-03
2.831496496496497e+09	4.653828503983530e-03
2.831516516516517e+09	4.434590467809563e-03
2.831536536536537e+09	4.714727958311326e-03
2.831556556556557e+09	4.641648612931679e-03
2.831576576576577e+09	4.568569267605850e-03
2.831596596596597e+09	4.532029594948328e-03
2.831616616616617e+09	4.458950249555216e-03
2.831636636636637e+09	4.532029595021018e-03
2.831656656656657e+09	4.495489922336567e-03
2.831676676676677e+09	4.653828503848927e-03
2.831696696696697e+09	4.483310031370875e-03
2.831716716716717e+09	4.605108940330695e-03
2.831736736736737e+09	4.775627412843730e-03
2.831756756756757e+09	4.592929049437667e-03
2.831776776776777e+09	4.641648612985525e-03
2.831796796796797e+09	4.702548067474836e-03
2.831816816816817e+09	4.568569267662377e-03
2.831836836836837e+09	4.666008394830789e-03
2.831856856856857e+09	4.617288831199463e-03
2.831876876876877e+09	4.495489922228896e-03
2.831896896896897e+09	4.580749158547327e-03
2.831916916916917e+09	4.641648613004353e-03
2.831936936936937e+09	4.605108940258006e-03
2.831956956956957e+09	4.739087740191600e-03
2.831976976976977e+09	4.592929049346137e-03
2.831996996996997e+09	5.007045339953807e-03
2.832017017017017e+09	4.653828503846231e-03
2.832037037037037e+09	4.471130140440172e-03
2.832057057057057e+09	4.714727958443259e-03
2.832077077077077e+09	4.422410576841174e-03
2.832097097097097e+09	4.434590467814946e-03
2.832117117117117e+09	4.458950249627895e-03
2.832137137137137e+09	4.312791558833605e-03
2.832157157157157e+09	4.434590467809563e-03
2.832177177177177e+09	4.239712213564295e-03
2.832197197197197e+09	4.215352431767478e-03
2.832217217217217e+09	4.069193741037800e-03
2.832237237237237e+09	4.373691013322931e-03
2.832257257257257e+09	4.130093195508265e-03
2.832277277277277e+09	4.166632868241148e-03
2.832297297297297e+09	4.093553522877656e-03
2.832317317317317e+09	4.178812759053446e-03
2.832337337337337e+09	3.923035050386148e-03
2.832357357357358e+09	3.898675268656616e-03
2.832377377377378e+09	3.935214941289926e-03
2.832397397397398e+09	3.813416032397407e-03
2.832417417417418e+09	3.923035050402281e-03
2.832437437437438e+09	3.776876359769466e-03
2.832457457457458e+09	3.691617123615181e-03
2.832477477477478e+09	3.825595923266209e-03
2.832497497497498e+09	3.740336687120018e-03
2.832517517517518e+09	3.655077450960325e-03
2.832537537537538e+09	3.569818214744178e-03
2.832557557557558e+09	3.374939960568864e-03
2.832577577577578e+09	3.521098651220530e-03
2.832597597597598e+09	3.435839414980145e-03
2.832617617617618e+09	3.301860615296835e-03
2.832637637637638e+09	3.350580178858148e-03
2.832657657657658e+09	3.655077451024919e-03
2.832677677677678e+09	3.423659524149007e-03
2.832697697697698e+09	3.350580178812412e-03
2.832717717717718e+09	3.228781269997882e-03
2.832737737737738e+09	3.204421488244155e-03
2.832757757757758e+09	3.496738869410283e-03
2.832777777777778e+09	3.216601379080678e-03
2.832797797797798e+09	3.204421488155394e-03
2.832817817817818e+09	3.106982361105399e-03
2.832837837837838e+09	3.253141051797384e-03
2.832857857857858e+09	3.326220397066729e-03
2.832877877877878e+09	3.143522033768309e-03
2.832897897897898e+09	2.997363343183900e-03
2.832917917917918e+09	2.899924216144655e-03
2.832937937937938e+09	3.228781269965636e-03
2.832957957957958e+09	3.277500833500041e-03
2.832977977977978e+09	3.021723124980694e-03
2.832997997997998e+09	3.119162251963450e-03
2.833018018018018e+09	3.082622579346257e-03
2.833038038038038e+09	3.046082906704860e-03
2.833058058058058e+09	3.411479633177989e-03
2.833078078078078e+09	3.155701924669401e-03
2.833098098098098e+09	3.192241597267760e-03
2.833118118118118e+09	3.155701924701645e-03
2.833138138138138e+09	3.155701924658635e-03
2.833158158158158e+09	3.240961160842515e-03
2.833178178178178e+09	3.448019305900055e-03
2.833198198198198e+09	3.314040506149508e-03
2.833218218218218e+09	3.253141051770487e-03
2.833238238238238e+09	3.253141051722089e-03
2.833258258258258e+09	3.180061706468867e-03
2.833278278278278e+09	3.423659524054869e-03
2.833298298298298e+09	3.265320942690416e-03
2.833318318318318e+09	3.106982361124222e-03
2.833338338338338e+09	3.326220397058668e-03
2.833358358358358e+09	3.314040506109158e-03
2.833378378378378e+09	3.484558978584502e-03
2.833398398398398e+09	3.569818214765705e-03
2.833418418418418e+09	3.508918760314062e-03
2.833438438438438e+09	3.460199196712405e-03
2.833458458458458e+09	3.374939960566179e-03
2.833478478478478e+09	3.411479633169919e-03
2.833498498498498e+09	3.387119851467258e-03
2.833518518518518e+09	3.630717669120503e-03
2.833538538538538e+09	3.655077450903849e-03
2.833558558558558e+09	3.813416032375883e-03
2.833578578578578e+09	3.679437232716773e-03
2.833598598598598e+09	3.581998105607610e-03
2.833618618618618e+09	3.545458432898965e-03
2.833638638638638e+09	3.813416032408165e-03
2.833658658658659e+09	3.642897560010824e-03
2.833678678678679e+09	3.642897559965096e-03
2.833698698698699e+09	3.776876359704895e-03
2.833718718718719e+09	3.789056250662487e-03
2.833738738738739e+09	3.910855159520034e-03
2.833758758758759e+09	3.886495377731301e-03
2.833778778778779e+09	3.728156796213525e-03
2.833798798798799e+09	3.983934504896965e-03
2.833818818818819e+09	4.105733413703402e-03
2.833838838838839e+09	3.996114395790005e-03
2.833858858858859e+09	3.959574723035609e-03
2.833878878878879e+09	4.142273086436282e-03
2.833898898898899e+09	4.081373631949657e-03
2.833918918918919e+09	3.996114395736182e-03
2.833938938938939e+09	4.105733413706092e-03
2.833958958958959e+09	4.337151340794581e-03
2.833978978978979e+09	4.203172540877157e-03
2.833998998998999e+09	4.178812759123412e-03
2.834019019019019e+09	4.264071995293816e-03
2.834039039039039e+09	4.312791558890135e-03
2.834059059059059e+09	4.495489922234287e-03
2.834079079079079e+09	4.239712213593871e-03
2.834099099099099e+09	4.458950249574071e-03
2.834119119119119e+09	4.385870904283225e-03
2.834139139139139e+09	4.337151340657308e-03
2.834159159159159e+09	4.373691013341758e-03
2.834179179179179e+09	4.434590467831089e-03
2.834199199199199e+09	4.458950249574063e-03
2.834219219219219e+09	4.312791558860512e-03
2.834239239239239e+09	4.471130140440171e-03
2.834259259259259e+09	4.751267631041539e-03
2.834279279279279e+09	4.617288831226397e-03
2.834299299299299e+09	4.495489922212748e-03
2.834319319319319e+09	4.434590467817630e-03
2.834339339339339e+09	4.641648612966676e-03
2.834359359359359e+09	4.629468722065585e-03
2.834379379379379e+09	4.568569267705441e-03
2.834399399399399e+09	4.751267631044231e-03
2.834419419419419e+09	4.495489922220827e-03
2.834439439439439e+09	4.458950249587505e-03
2.834459459459459e+09	4.592929049429591e-03
2.834479479479479e+09	4.775627412768354e-03
2.834499499499499e+09	4.215352431740572e-03
2.834519519519519e+09	4.324971449753534e-03
2.834539539539539e+09	4.507669813151528e-03
2.834559559559559e+09	4.544209485852122e-03
2.834579579579579e+09	4.398050795087429e-03
2.834599599599600e+09	4.434590467777253e-03
2.834619619619620e+09	4.373691013374061e-03
2.834639639639640e+09	4.422410576884238e-03
2.834659659659660e+09	4.532029595012911e-03
2.834679679679680e+09	4.434590467771872e-03
2.834699699699700e+09	4.373691013322922e-03
2.834719719719720e+09	4.337151340646557e-03
2.834739739739740e+09	4.300611668010551e-03
2.834759759759760e+09	4.178812759058835e-03
2.834779779779780e+09	4.349331231655305e-03
2.834799799799800e+09	3.935214941238806e-03
2.834819819819820e+09	4.215352431724427e-03
2.834839839839840e+09	4.251892104390026e-03
2.834859859859860e+09	4.190992649935705e-03
2.834879879879880e+09	4.105733413781428e-03
2.834899899899900e+09	4.142273086379771e-03
2.834919919919920e+09	4.117913304655628e-03
2.834939939939940e+09	4.008294286591540e-03
2.834959959959960e+09	3.849955705124878e-03
2.834979979979980e+09	3.923035050536808e-03
2.835000000000000e+09	4.044833959302869e-03
