# [General]
# timestamp=2024-03-26T18:23:44.458097
# comments='# '
# delimiter='\t'
# column_dtypes=float;;float
# column_headers='Frequency (Hz);;ai0 (V)'
# 
# [Metadata]
# microwave cw power (dbm)=13.0
# microwave scan power (dbm)=13.0
# approx. run time (s)=30.915606021881104
# number of frequency sweeps (#)=27
# start frequencies (hz)=(2815000000.0,)
# stop frequencies (hz)=(2835000000.0,)
# step sizes (hz)=(1000,)
# data rate (hz)=1000.0
# oversampling factor (hz)=1
# averaged scans (#)=0
# 
# ---- END HEADER ----
2.815000000000000e+09	1.487056874899489e-03
2.815020020020020e+09	1.389617747989242e-03
2.815040040040040e+09	1.645395456078631e-03
2.815060060060060e+09	1.474876984057561e-03
2.815080080080080e+09	1.572316110946347e-03
2.815100100100100e+09	1.194739494037135e-03
2.815120120120120e+09	1.413977529662427e-03
2.815140140140140e+09	1.365257966342943e-03
2.815160160160160e+09	1.706294910535551e-03
2.815180180180180e+09	1.243459057601039e-03
2.815200200200200e+09	1.669755237988257e-03
2.815220220220220e+09	1.109480257915125e-03
2.815240240240240e+09	1.535776438415080e-03
2.815260260260260e+09	1.340898184452206e-03
2.815280280280280e+09	1.633215565451595e-03
2.815300300300300e+09	1.304358511867239e-03
2.815320320320320e+09	1.511416656575389e-03
2.815340340340340e+09	1.170379712334386e-03
2.815360360360360e+09	1.718474801514507e-03
2.815380380380380e+09	1.645395456231744e-03
2.815400400400401e+09	1.511416656612978e-03
2.815420420420421e+09	1.523596547546209e-03
2.815440440440441e+09	1.633215565330726e-03
2.815460460460461e+09	1.718474801409761e-03
2.815480480480481e+09	1.803734037574807e-03
2.815500500500501e+09	1.901173164498464e-03
2.815520520520521e+09	1.901173164447405e-03
2.815540540540541e+09	1.742834583227977e-03
2.815560560560561e+09	1.608855783810686e-03
2.815580580580581e+09	1.706294910527506e-03
2.815600600600601e+09	1.888993273640396e-03
2.815620620620621e+09	1.913353055313549e-03
2.815640640640641e+09	1.925532946147429e-03
2.815660660660661e+09	1.633215565306549e-03
2.815680680680681e+09	1.962072618955441e-03
2.815700700700701e+09	1.706294910629545e-03
2.815720720720721e+09	2.242210109080663e-03
2.815740740740741e+09	1.852453601007069e-03
2.815760760760761e+09	1.998612291526883e-03
2.815780780780781e+09	2.108231309150118e-03
2.815800800800801e+09	1.986432400574830e-03
2.815820820820821e+09	2.035151964248901e-03
2.815840840840841e+09	2.205670436358644e-03
2.815860860860861e+09	2.132591091035596e-03
2.815880880880881e+09	1.888993273516772e-03
2.815900900900901e+09	2.156950872757083e-03
2.815920920920921e+09	2.022972073175916e-03
2.815940940940941e+09	2.010792182253327e-03
2.815960960960961e+09	2.169130763746903e-03
2.815980980980981e+09	2.096051418437184e-03
2.816001001001001e+09	2.156950872835042e-03
2.816021021021021e+09	2.595426944244174e-03
2.816041041041041e+09	2.327469344963534e-03
2.816061061061061e+09	2.230030218010303e-03
2.816081081081081e+09	2.205670436401692e-03
2.816101101101101e+09	2.400548690294705e-03
2.816121121121121e+09	2.376188908535568e-03
2.816141141141141e+09	2.583247053447929e-03
2.816161161161161e+09	2.485807926580757e-03
2.816181181181181e+09	2.424908471978583e-03
2.816201201201201e+09	2.132591091049034e-03
2.816221221221221e+09	2.376188908516752e-03
2.816241241241241e+09	2.449268253831827e-03
2.816261261261261e+09	2.010792182342012e-03
2.816281281281281e+09	2.278749781576925e-03
2.816301301301301e+09	2.156950872738251e-03
2.816321321321321e+09	2.193490545538211e-03
2.816341341341341e+09	2.705045962273204e-03
2.816361361361362e+09	2.193490545519392e-03
2.816381381381382e+09	2.692866071299521e-03
2.816401401401402e+09	2.692866071286105e-03
2.816421421421422e+09	2.607606835233933e-03
2.816441441441442e+09	2.607606835204377e-03
2.816461461461462e+09	2.449268253869424e-03
2.816481481481482e+09	2.339649235861919e-03
2.816501501501502e+09	2.473628035518381e-03
2.816521521521522e+09	2.388368799498453e-03
2.816541541541542e+09	2.449268253866773e-03
2.816561561561562e+09	2.290929672370512e-03
2.816581581581582e+09	2.437088362858148e-03
2.816601601601602e+09	2.217850327138799e-03
2.816621621621622e+09	2.339649235921059e-03
2.816641641641642e+09	2.497987817202216e-03
2.816661661661662e+09	2.205670436326361e-03
2.816681681681682e+09	2.217850327300062e-03
2.816701701701702e+09	2.412728581308660e-03
2.816721721721722e+09	2.510167708189311e-03
2.816741741741742e+09	2.327469345103337e-03
2.816761761761762e+09	2.497987817379654e-03
2.816781781781782e+09	2.266569890619441e-03
2.816801801801802e+09	2.376188908621592e-03
2.816821821821822e+09	2.327469345022655e-03
2.816841841841842e+09	2.205670436299549e-03
2.816861861861862e+09	2.193490545366196e-03
2.816881881881882e+09	2.059511746018875e-03
2.816901901901902e+09	2.217850327222126e-03
2.816921921921922e+09	2.193490545366201e-03
2.816941941941942e+09	1.913353055420963e-03
2.816961961961962e+09	2.035151964028623e-03
2.816981981981982e+09	1.779374255904369e-03
2.817002002002002e+09	1.937712837121010e-03
2.817022022022022e+09	1.937712837091480e-03
2.817042042042042e+09	1.937712837110319e-03
2.817062062062062e+09	1.791554146679108e-03
2.817082082082082e+09	1.815913928424816e-03
2.817102102102102e+09	1.864633491803363e-03
2.817122122122122e+09	1.608855783525919e-03
2.817142142142142e+09	1.645395456347273e-03
2.817162162162162e+09	1.803734037502250e-03
2.817182182182182e+09	1.511416656693598e-03
2.817202202202202e+09	1.523596547497928e-03
2.817222222222222e+09	1.328718293620981e-03
2.817242242242242e+09	1.572316110924821e-03
2.817262262262262e+09	1.292178621006494e-03
2.817282282282282e+09	1.438337311437675e-03
2.817302302302302e+09	1.669755238017797e-03
2.817322322322322e+09	1.231279166772560e-03
2.817342342342342e+09	1.133840039854158e-03
2.817362362362362e+09	1.328718293672018e-03
2.817382382382382e+09	1.377437857085502e-03
2.817402402402402e+09	1.219099275747906e-03
2.817422422422422e+09	1.255638948410778e-03
2.817442442442442e+09	1.194739494053268e-03
2.817462462462462e+09	1.304358511923663e-03
2.817482482482482e+09	1.279998730148408e-03
2.817502502502502e+09	1.097300367185961e-03
2.817522522522522e+09	8.171628773159749e-04
2.817542542542542e+09	9.389617860309991e-04
2.817562562562562e+09	1.231279166726862e-03
2.817582582582582e+09	1.243459057525851e-03
2.817602602602602e+09	1.219099275860703e-03
2.817622622622622e+09	1.158199821543510e-03
2.817642642642642e+09	1.401797638825849e-03
2.817662662662663e+09	1.231279166568376e-03
2.817682682682683e+09	1.304358512286365e-03
2.817702702702703e+09	1.219099275919791e-03
2.817722722722723e+09	1.340898184476399e-03
2.817742742742743e+09	1.328718293733809e-03
2.817762762762763e+09	1.353078075369390e-03
2.817782782782783e+09	1.170379712326379e-03
2.817802802802803e+09	1.072940585488593e-03
2.817822822822823e+09	1.048580803694578e-03
2.817842842842843e+09	1.523596547428067e-03
2.817862862862863e+09	1.267818839233913e-03
2.817882882882883e+09	1.401797638906381e-03
2.817902902902903e+09	1.206919385094043e-03
2.817922922922923e+09	9.998612403160120e-04
2.817942942942943e+09	1.389617747986581e-03
2.817962962962963e+09	1.438337311518258e-03
2.817982982982983e+09	1.413977529589889e-03
2.818003003003003e+09	1.511416656779598e-03
2.818023023023023e+09	1.657575347049555e-03
2.818043043043043e+09	1.487056874832369e-03
2.818063063063063e+09	1.608855783590395e-03
2.818083083083083e+09	1.535776438350611e-03
2.818103103103103e+09	1.730654692265139e-03
2.818123123123123e+09	1.413977529740332e-03
2.818143143143143e+09	1.596675892737743e-03
2.818163163163163e+09	1.742834583236095e-03
2.818183183183183e+09	1.572316110997351e-03
2.818203203203203e+09	1.621035674383987e-03
2.818223223223223e+09	1.730654692515101e-03
2.818243243243243e+09	1.535776438353330e-03
2.818263263263263e+09	2.010792182285582e-03
2.818283283283283e+09	1.767194365027461e-03
2.818303303303303e+09	1.925532946088296e-03
2.818323323323323e+09	1.876813382782333e-03
2.818343343343343e+09	1.913353055305466e-03
2.818363363363363e+09	1.657575346974304e-03
2.818383383383383e+09	1.572316110930198e-03
2.818403403403403e+09	1.718474801482295e-03
2.818423423423423e+09	1.828093819312428e-03
2.818443443443443e+09	1.669755237845816e-03
2.818463463463463e+09	1.608855783488299e-03
2.818483483483483e+09	1.657575347046847e-03
2.818503503503503e+09	1.535776438380184e-03
2.818523523523523e+09	1.292178621095163e-03
2.818543543543543e+09	1.560136220053342e-03
2.818563563563563e+09	1.681935128956415e-03
2.818583583583583e+09	1.499236765706549e-03
2.818603603603604e+09	1.888993273699531e-03
2.818623623623624e+09	1.243459057660158e-03
2.818643643643644e+09	1.791554146520559e-03
2.818663663663664e+09	1.791554146574306e-03
2.818683683683684e+09	1.681935128795246e-03
2.818703703703704e+09	1.608855783499048e-03
2.818723723723724e+09	1.426157420552737e-03
2.818743743743744e+09	1.499236765779069e-03
2.818763763763764e+09	1.706294910632262e-03
2.818783783783784e+09	1.121660148802735e-03
2.818803803803804e+09	1.499236765964459e-03
2.818823823823824e+09	1.194739494058620e-03
2.818843843843844e+09	1.060760694574159e-03
2.818863863863864e+09	1.182559603302616e-03
2.818883883883884e+09	1.462697093371461e-03
2.818903903903904e+09	1.085120476314478e-03
2.818923923923924e+09	1.255638948440337e-03
2.818943943943944e+09	1.170379712329013e-03
2.818963963963964e+09	1.292178621006503e-03
2.818983983983984e+09	1.194739494136522e-03
2.819004004004004e+09	9.146020042181546e-04
2.819024024024024e+09	1.097300367263854e-03
2.819044044044044e+09	9.633215676853437e-04
2.819064064064064e+09	9.389617859074631e-04
2.819084084084084e+09	1.085120476317158e-03
2.819104104104104e+09	7.075438595530376e-04
2.819124124124124e+09	7.806232047525173e-04
2.819144144144144e+09	1.316538402808584e-03
2.819164164164164e+09	8.658824406972605e-04
2.819184184184184e+09	8.902422225181551e-04
2.819204204204204e+09	1.097300367089285e-03
2.819224224224224e+09	6.953639686573388e-04
2.819244244244244e+09	7.562634229208649e-04
2.819264264264264e+09	8.171628772676247e-04
2.819284284284284e+09	8.537025498579806e-04
2.819304304304304e+09	7.928030955165559e-04
2.819324324324324e+09	8.902422224294873e-04
2.819344344344344e+09	7.562634231089057e-04
2.819364364364364e+09	5.492052783443220e-04
2.819384384384384e+09	3.908666971034203e-04
2.819404404404405e+09	5.126656057056457e-04
2.819424424424425e+09	7.440835322722204e-04
2.819444444444445e+09	7.562634228832529e-04
2.819464464464465e+09	5.857449508836323e-04
2.819484484484485e+09	6.344645143159450e-04
2.819504504504505e+09	7.806232048357079e-04
2.819524524524525e+09	6.710041869814928e-04
2.819544544544545e+09	5.126656058667576e-04
2.819564564564565e+09	6.222846234793532e-04
2.819584584584585e+09	5.979248416906932e-04
2.819604604604605e+09	6.710041869948740e-04
2.819624624624625e+09	9.511416767333000e-04
2.819644644644645e+09	3.543270245077220e-04
2.819664664664665e+09	3.543270247332236e-04
2.819684684684685e+09	7.562634230954628e-04
2.819704704704705e+09	5.979248419994338e-04
2.819724724724725e+09	1.959884433285692e-04
2.819744744744745e+09	3.299672427727720e-04
2.819764764764765e+09	5.126656058130465e-04
2.819784784784785e+09	3.665069154329054e-04
2.819804804804805e+09	9.854931663307597e-05
2.819824824824825e+09	1.838085525322538e-04
2.819844844844845e+09	6.200964399443156e-05
2.819864864864865e+09	-2.059479548590802e-04
2.819884884884885e+09	3.299672428640303e-04
2.819904904904905e+09	-1.206887188766758e-04
2.819924924924925e+09	-2.181278455856314e-04
2.819944944944945e+09	8.636942571328739e-05
2.819964964964965e+09	-1.363037582557150e-03
2.819984984984985e+09	-3.764664268130563e-04
2.820005005005005e+09	-1.694082821157901e-04
2.820025025025025e+09	-4.495457718971149e-04
2.820045045045045e+09	-6.931435889968749e-04
2.820065065065065e+09	-2.424876274574194e-04
2.820085085085085e+09	-8.393022790603793e-04
2.820105105105105e+09	-6.687838072055832e-04
2.820125125125125e+09	-9.854609692204167e-04
2.820145145145145e+09	-7.296832614664303e-04
2.820165165165165e+09	-6.931435889136668e-04
2.820185185185185e+09	-8.758419516399321e-04
2.820205205205205e+09	-1.046360423607318e-03
2.820225225225225e+09	-9.002017332541165e-04
2.820245245245245e+09	-1.375217476445321e-03
2.820265265265265e+09	-1.241238676789571e-03
2.820285285285285e+09	-1.192519113622538e-03
2.820305305305305e+09	-1.302138131267360e-03
2.820325325325325e+09	-1.119439768610909e-03
2.820345345345345e+09	-1.484836494001648e-03
2.820365365365366e+09	-1.448296821422102e-03
2.820385385385386e+09	-1.423937039810553e-03
2.820405405405406e+09	-1.630995184073196e-03
2.820425425425426e+09	-1.691894638344750e-03
2.820445445445446e+09	-1.509196275693666e-03
2.820465465465466e+09	-1.716254419975099e-03
2.820485485485486e+09	-1.655354965647268e-03
2.820505505505506e+09	-2.020751691086193e-03
2.820525525525526e+09	-1.716254419983160e-03
2.820545545545546e+09	-1.679714747459882e-03
2.820565565565566e+09	-1.959852236715466e-03
2.820585585585586e+09	-1.667534856556191e-03
2.820605605605606e+09	-1.801513655852871e-03
2.820625625625626e+09	-1.752794092455428e-03
2.820645645645646e+09	-2.081651145231718e-03
2.820665665665666e+09	-1.557915839050840e-03
2.820685685685686e+09	-1.691894638368887e-03
2.820705705705706e+09	-1.838053328507460e-03
2.820725725725726e+09	-1.716254420017997e-03
2.820745745745746e+09	-2.179090271892487e-03
2.820765765765766e+09	-2.032931581863823e-03
2.820785785785786e+09	-2.520127215376712e-03
2.820805805805806e+09	-2.471407652030261e-03
2.820825825825826e+09	-2.544486997122315e-03
2.820845845845846e+09	-3.019502739535931e-03
2.820865865865866e+09	-2.532307106280333e-03
2.820885885885886e+09	-2.922063612931439e-03
2.820905905905906e+09	-2.897703831258209e-03
2.820925925925926e+09	-3.409259246079892e-03
2.820945945945946e+09	-3.299640228614668e-03
2.820965965965966e+09	-3.299640228483368e-03
2.820985985985986e+09	-3.750296189274650e-03
2.821006006006006e+09	-3.677216844230888e-03
2.821026026026026e+09	-3.969534223851632e-03
2.821046046046046e+09	-4.615068437634999e-03
2.821066066066066e+09	-4.237491822032029e-03
2.821086086086086e+09	-4.675967891729693e-03
2.821106106106106e+09	-5.406761340528743e-03
2.821126126126126e+09	-5.309322213627169e-03
2.821146146146146e+09	-5.565099921096767e-03
2.821166166166166e+09	-5.857417300516883e-03
2.821186186186186e+09	-6.356792823602565e-03
2.821206206206206e+09	-6.490771622484078e-03
2.821226226226226e+09	-7.185025398016561e-03
2.821246246246246e+09	-7.867099282520100e-03
2.821266266266266e+09	-7.574781903519647e-03
2.821286286286286e+09	-8.061977535194189e-03
2.821306306306306e+09	-8.658792183871254e-03
2.821326326326326e+09	-9.048548689051075e-03
2.821346346346346e+09	-9.474844866265288e-03
2.821366366366366e+09	-1.004729973270877e-02
2.821386386386386e+09	-1.110695022977250e-02
2.821406406406406e+09	-1.128964859121510e-02
2.821426426426426e+09	-1.170376487708618e-02
2.821446446446446e+09	-1.219096050755454e-02
2.821466466466466e+09	-1.320189143987342e-02
2.821486486486486e+09	-1.373780663280281e-02
2.821506506506506e+09	-1.198390220660972e-02
2.821526526526526e+09	-1.543081144537694e-02
2.821546546546546e+09	-1.566222936915326e-02
2.821566566566566e+09	-1.667316029932506e-02
2.821586586586586e+09	-1.716035592818328e-02
2.821606606606606e+09	-1.779371024524156e-02
2.821626626626626e+09	-1.841488467141070e-02
2.821646646646646e+09	-1.957197428806712e-02
2.821666666666667e+09	-2.024186827629578e-02
2.821686686686687e+09	-2.103356117099234e-02
2.821706706706707e+09	-2.183743395598408e-02
2.821726726726727e+09	-2.273874586590521e-02
2.821746746746747e+09	-2.371313711943157e-02
2.821766766766767e+09	-2.409071372994519e-02
2.821786786786787e+09	-2.489458651338848e-02
2.821806806806807e+09	-2.597859678118328e-02
2.821826826826827e+09	-2.673375000112403e-02
2.821846846846847e+09	-2.751326300189785e-02
2.821866866866867e+09	-2.843893468976512e-02
2.821886886886887e+09	-2.909664878333685e-02
2.821906906906907e+09	-2.992488134520815e-02
2.821926926926927e+09	-3.053387587555425e-02
2.821946946946947e+09	-3.093581226587120e-02
2.821966966966967e+09	-3.189802362353556e-02
2.821986986986987e+09	-3.247047848146759e-02
2.822007007007007e+09	-3.322563169805240e-02
2.822027027027027e+09	-3.329871104170074e-02
2.822047047047047e+09	-3.395642513320533e-02
2.822067067067067e+09	-3.430964196001073e-02
2.822087087087087e+09	-3.433400174100078e-02
2.822107107107107e+09	-3.456541966210162e-02
2.822127127127127e+09	-3.496735605111051e-02
2.822147147147147e+09	-3.486991692657990e-02
2.822167167167167e+09	-3.560071036027446e-02
2.822187187187187e+09	-3.466285878685816e-02
2.822207207207207e+09	-3.445580064702342e-02
2.822227227227227e+09	-3.448016042810022e-02
2.822247247247247e+09	-3.401732458615620e-02
2.822267267267267e+09	-3.370064743093569e-02
2.822287287287287e+09	-3.346922950989274e-02
2.822307307307307e+09	-3.255573771570303e-02
2.822327327327327e+09	-3.163006603030526e-02
2.822347347347347e+09	-3.080183346922181e-02
2.822367367367367e+09	-2.966910364232509e-02
2.822387387387387e+09	-2.854855368254856e-02
2.822407407407407e+09	-2.775686081444966e-02
2.822427427427427e+09	-2.651451196955866e-02
2.822447447447447e+09	-2.521126367039937e-02
2.822467467467467e+09	-2.354261865014229e-02
2.822487487487487e+09	-2.212975133223954e-02
2.822507507507507e+09	-2.077778346653672e-02
2.822527527527527e+09	-1.882900095540403e-02
2.822547547547547e+09	-1.705073691156705e-02
2.822567567567567e+09	-1.549171089882929e-02
2.822587587587587e+09	-1.360382783460704e-02
2.822607607607608e+09	-1.153324640647196e-02
2.822627627627628e+09	-9.645363337058128e-03
2.822647647647648e+09	-7.623501466742984e-03
2.822667667667668e+09	-5.504200467082326e-03
2.822687687687688e+09	-3.348359791969127e-03
2.822707707707708e+09	-1.630995184108039e-03
2.822727727727728e+09	5.492052784114555e-04
2.822747747747748e+09	2.656326398698506e-03
2.822767767767768e+09	4.714727958577869e-03
2.822787787787788e+09	6.724409957348031e-03
2.822807807807808e+09	8.831531086504437e-03
2.822827827827828e+09	8.758451743701774e-03
2.822847847847848e+09	1.230280000508335e-02
2.822867867867868e+09	1.410542386776141e-02
2.822887887887888e+09	1.605420642452612e-02
2.822907907907908e+09	1.767413192689267e-02
2.822927927927928e+09	1.901391993774744e-02
2.822947947947948e+09	2.070692478926364e-02
2.822967967967968e+09	2.209543236688831e-02
2.822987987987988e+09	2.331342147119445e-02
2.823008008008008e+09	2.453141057634168e-02
2.823028028028028e+09	2.563978066320178e-02
2.823048048048048e+09	2.680905020591444e-02
2.823068068068068e+09	2.764946269060151e-02
2.823088088088088e+09	2.835589637352580e-02
2.823108108108108e+09	2.946426646313055e-02
2.823128128128128e+09	2.973222406735770e-02
2.823148148148148e+09	3.056045666239304e-02
2.823168168168168e+09	3.054827677134038e-02
2.823188188188188e+09	3.102329252444926e-02
2.823208208208208e+09	3.118163110895652e-02
2.823228228228228e+09	3.135214958446988e-02
2.823248248248248e+09	3.095021317779169e-02
2.823268268268268e+09	3.054827677123924e-02
2.823288288288288e+09	3.060917622686330e-02
2.823308308308308e+09	3.046301753352354e-02
2.823328328328328e+09	2.952516591850325e-02
2.823348348348348e+09	2.915976918555698e-02
2.823368368368368e+09	2.864821375970534e-02
2.823388388388388e+09	2.751548388857675e-02
2.823408408408409e+09	2.679687031493536e-02
2.823428428428429e+09	2.610261652376764e-02
2.823448448448449e+09	2.490898719929840e-02
2.823468468468469e+09	2.389805624710716e-02
2.823488488488489e+09	2.281404593832025e-02
2.823508508508509e+09	2.173003563573310e-02
2.823528528528529e+09	2.035370794954454e-02
2.823548548548549e+09	1.900174004666769e-02
2.823568568568569e+09	1.754015312594280e-02
2.823588588588589e+09	1.648050260930186e-02
2.823608608608609e+09	1.516507438273833e-02
2.823628628628629e+09	1.410542386790218e-02
2.823648648648649e+09	1.227844022321646e-02
2.823668668668669e+09	1.093865221847266e-02
2.823688688688689e+09	9.464885414919867e-03
2.823708708708709e+09	8.393055013264435e-03
2.823728728728729e+09	6.687870284795686e-03
2.823748748748749e+09	5.348082285262692e-03
2.823768768768769e+09	3.837775814291046e-03
2.823788788788789e+09	2.571067162538767e-03
2.823808808808809e+09	1.072940585402665e-03
2.823828828828829e+09	-4.982653352167235e-04
2.823848848848849e+09	-2.093831036111252e-03
2.823868868868869e+09	-3.494518481928131e-03
2.823888888888889e+09	-4.992645052913920e-03
2.823908908908909e+09	-6.502951513165618e-03
2.823928928928929e+09	-8.074157425776968e-03
2.823948948948949e+09	-9.413945412355032e-03
2.823968968968969e+09	-1.079027306980905e-02
2.823988988988989e+09	-1.238583875957508e-02
2.824009009009009e+09	-1.356728816236701e-02
2.824029029029029e+09	-1.487053647163725e-02
2.824049049049049e+09	-1.603980598174343e-02
2.824069069069069e+09	-1.728215483526103e-02
2.824089089089089e+09	-1.842706456201316e-02
2.824109109109109e+09	-1.973031286718834e-02
2.824129129129129e+09	-1.943799548619318e-02
2.824149149149149e+09	-2.141113778209625e-02
2.824169169169169e+09	-2.272656597544559e-02
2.824189189189189e+09	-2.334774039951008e-02
2.824209209209209e+09	-2.422469252730742e-02
2.824229229229229e+09	-2.501638541991527e-02
2.824249249249249e+09	-2.560102017111647e-02
2.824269269269269e+09	-2.649015218827131e-02
2.824289289289289e+09	-2.659977120403940e-02
2.824309309309309e+09	-2.741582387665070e-02
2.824329329329329e+09	-2.747672332986253e-02
2.824349349349349e+09	-2.781776026764565e-02
2.824369369369370e+09	-2.775686081442326e-02
2.824389389389390e+09	-2.779340048646382e-02
2.824409409409410e+09	-2.737928420476845e-02
2.824429429429430e+09	-2.758634234568607e-02
2.824449449449450e+09	-2.711132661091871e-02
2.824469469469470e+09	-2.663631087593749e-02
2.824489489489490e+09	-2.605167612496615e-02
2.824509509509510e+09	-2.544268159277624e-02
2.824529529529530e+09	-2.472406804408607e-02
2.824549549549550e+09	-2.413943329253845e-02
2.824569569569570e+09	-2.298234367946949e-02
2.824589589589590e+09	-2.191051330014528e-02
2.824609609609610e+09	-2.058290521559738e-02
2.824629629629630e+09	-1.912131833199055e-02
2.824649649649650e+09	-1.797640860598699e-02
2.824669669669670e+09	-1.629558368696080e-02
2.824689689689690e+09	-1.461475876610332e-02
2.824709709709710e+09	-1.329933056579982e-02
2.824729729729730e+09	-1.110695022973249e-02
2.824749749749750e+09	-9.560104101592233e-03
2.824769769769770e+09	-7.733120483806995e-03
2.824789789789790e+09	-6.697829763612117e-03
2.824809809809810e+09	-4.797766775049122e-03
2.824829829829830e+09	-1.764973983340320e-03
2.824849849849850e+09	2.203482250957433e-04
2.824869869869870e+09	2.473628035593673e-03
2.824889889889890e+09	4.446770358842510e-03
2.824909909909910e+09	6.200674648253317e-03
2.824929929929930e+09	8.319975667588171e-03
2.824949949949950e+09	1.004952017982288e-02
2.824969969969970e+09	1.197394294933168e-02
2.824989989989990e+09	1.349642931946977e-02
2.825010010010010e+09	1.589586784173946e-02
2.825030030030030e+09	1.768631181789650e-02
2.825050050050050e+09	1.928187753985059e-02
2.825070070070070e+09	2.092616282767457e-02
2.825090090090090e+09	2.242428942492343e-02
2.825110110110110e+09	2.384933667736580e-02
2.825130130130130e+09	2.521348447574789e-02
2.825150150150150e+09	2.685776977035174e-02
2.825170170170170e+09	2.786870073011808e-02
2.825190190190190e+09	2.907450994784948e-02
2.825210210210210e+09	3.015852025584875e-02
2.825230230230230e+09	3.123035067341861e-02
2.825250250250250e+09	3.140086914897573e-02
2.825270270270270e+09	3.264321804320496e-02
2.825290290290290e+09	3.305733434155689e-02
2.825310310310310e+09	3.361760933359347e-02
2.825330330330330e+09	3.383684737403419e-02
2.825350350350350e+09	3.377594791832516e-02
2.825370370370370e+09	3.412916476124189e-02
2.825390390390390e+09	3.406826530547534e-02
2.825410410410410e+09	3.405608541458998e-02
2.825430430430430e+09	3.390992672093263e-02
2.825450450450450e+09	3.247269957209686e-02
2.825470470470470e+09	3.274065717233167e-02
2.825490490490490e+09	3.235090065631475e-02
2.825510510510510e+09	3.171754631797931e-02
2.825530530530530e+09	3.114509143560176e-02
2.825550550550550e+09	3.032903873140866e-02
2.825570570570570e+09	2.934246755210656e-02
2.825590590590590e+09	2.846551539336325e-02
2.825610610610610e+09	2.700392846330094e-02
2.825630630630630e+09	2.626095510759233e-02
2.825650650650651e+09	2.498206654550862e-02
2.825670670670671e+09	2.388587635048321e-02
2.825690690690691e+09	2.246082909816873e-02
2.825710710710711e+09	2.140117857786934e-02
2.825730730730731e+09	2.002485089198514e-02
2.825750750750751e+09	1.895302048252752e-02
2.825770770770771e+09	1.741835421590730e-02
2.825790790790791e+09	1.585932816897464e-02
2.825810810810811e+09	1.451954016099679e-02
2.825830830830831e+09	1.272909618868647e-02
2.825850850850851e+09	1.135276851078542e-02
2.825870870870871e+09	1.037837723531236e-02
2.825890890890891e+09	8.721912068184347e-03
2.825910910910911e+09	7.150706139328332e-03
2.825930930930931e+09	5.713479012322450e-03
2.825950950950951e+09	4.532029595012936e-03
2.825970970970971e+09	2.973003561739435e-03
2.825990990990991e+09	1.365257966125371e-03
2.826011011011011e+09	1.329008058092070e-05
2.826031031031031e+09	-1.655354965767899e-03
2.826051051051051e+09	-2.909883722145729e-03
2.826071071071071e+09	-4.541989092668918e-03
2.826091091091091e+09	-3.762476073447981e-03
2.826111111111111e+09	-7.270284633666702e-03
2.826131131131131e+09	-8.634432402232925e-03
2.826151151151151e+09	-9.669723118661658e-03
2.826171171171171e+09	-1.141144749880359e-02
2.826191191191191e+09	-1.250763766709154e-02
2.826211211211211e+09	-1.356728816245752e-02
2.826231231231231e+09	-1.487053647154938e-02
2.826251251251251e+09	-1.591800707459401e-02
2.826271271271271e+09	-1.692893800451589e-02
2.826291291291291e+09	-1.834180532713539e-02
2.826311311311311e+09	-1.890208029952813e-02
2.826331331331331e+09	-2.003481013439068e-02
2.826351351351351e+09	-2.063162477838918e-02
2.826371371371371e+09	-2.132587854736962e-02
2.826391391391391e+09	-2.202013231624935e-02
2.826411411411411e+09	-2.245860838043249e-02
2.826431431431431e+09	-2.337210018062805e-02
2.826451451451451e+09	-2.350607897826285e-02
2.826471471471471e+09	-2.372531701005539e-02
2.826491491491491e+09	-2.387147569803886e-02
2.826511511511511e+09	-2.426123219920010e-02
2.826531531531531e+09	-2.452918979358603e-02
2.826551551551551e+09	-2.449265012152944e-02
2.826571571571571e+09	-2.441957077781529e-02
2.826591591591591e+09	-2.407853383930017e-02
2.826611611611612e+09	-2.382275613527363e-02
2.826631631631632e+09	-2.307978280474592e-02
2.826651651651652e+09	-2.234898936453765e-02
2.826671671671672e+09	-2.191051330009762e-02
2.826691691691692e+09	-2.115536007787119e-02
2.826711711711712e+09	-2.012006936937451e-02
2.826731731731732e+09	-1.921875745779449e-02
2.826751751751752e+09	-1.813474718263273e-02
2.826771771771772e+09	-1.680713909729467e-02
2.826791791791792e+09	-1.569876904142251e-02
2.826811811811812e+09	-1.390832510310546e-02
2.826831831831832e+09	-1.260507679319640e-02
2.826851851851852e+09	-1.130182848205955e-02
2.826871871871872e+09	-9.231247050618969e-03
2.826891891891892e+09	-7.745300374723681e-03
2.826911911911912e+09	-5.918316754600821e-03
2.826931931931932e+09	-3.786835861639879e-03
2.826951951951952e+09	-2.118190817760340e-03
2.826971971971972e+09	-1.206887187317433e-04
2.826991991991992e+09	1.718474801399013e-03
2.827012012012012e+09	3.764696469067549e-03
2.827032032032032e+09	5.908357266683566e-03
2.827052052052052e+09	7.966758830782475e-03
2.827072072072072e+09	1.006170007081036e-02
2.827092092092092e+09	1.207138207695870e-02
2.827112112112112e+09	1.365476790208040e-02
2.827132132132132e+09	1.571316947699388e-02
2.827152152152152e+09	1.766195203600545e-02
2.827172172172172e+09	1.924533786695854e-02
2.827192192192192e+09	2.140117857797814e-02
2.827212212212212e+09	2.220505139386165e-02
2.827232232232232e+09	2.496988665456212e-02
2.827252252252252e+09	2.672379096840893e-02
2.827272272272272e+09	2.811229855169637e-02
2.827292292292292e+09	2.959824526521814e-02
2.827312312312312e+09	3.121817078243710e-02
2.827332332332332e+09	3.227782130969010e-02
2.827352352352352e+09	3.362978922479663e-02
2.827372372372372e+09	3.494521746786299e-02
2.827392392392392e+09	3.596832832419575e-02
2.827412412412413e+09	3.512791583908585e-02
2.827432432432433e+09	3.742991526348877e-02
2.827452452452453e+09	3.811198916852785e-02
2.827472472472473e+09	3.876970329202805e-02
2.827492492492493e+09	3.957357610983058e-02
2.827512512512513e+09	4.024347012514976e-02
2.827532532532533e+09	4.025565001641358e-02
2.827552552552553e+09	4.020693045150952e-02
2.827572572572573e+09	4.053578751356194e-02
2.827592592592593e+09	4.063322664326277e-02
2.827612612612613e+09	4.036526903705650e-02
2.827632632632633e+09	4.053578751360868e-02
2.827652652652653e+09	4.012167121314955e-02
2.827672672672673e+09	3.990243317184999e-02
2.827692692692693e+09	3.948831687162727e-02
2.827712712712713e+09	3.897676144200064e-02
2.827732732732733e+09	3.807544949511845e-02
2.827752752752753e+09	3.789275112759088e-02
2.827772772772773e+09	3.718631744018353e-02
2.827792792792793e+09	3.671130168462564e-02
2.827812812812813e+09	3.567601093661806e-02
2.827832832832833e+09	3.521317507289720e-02
2.827852852852853e+09	3.412916476133772e-02
2.827872872872873e+09	3.333747183751216e-02
2.827892892892893e+09	3.260667836990220e-02
2.827912912912913e+09	3.179062566470252e-02
2.827932932932933e+09	3.124253056460522e-02
2.827952952952953e+09	2.992710232485890e-02
2.827972972972973e+09	2.930592787878741e-02
2.827992992992993e+09	2.873347299732814e-02
2.828013013013013e+09	2.767382247266321e-02
2.828033033033033e+09	2.713790726501191e-02
2.828053053053053e+09	2.629749478081596e-02
2.828073073073073e+09	2.695520890572824e-02
2.828093093093093e+09	2.461666981385255e-02
2.828113113113113e+09	2.366663831162901e-02
2.828133133133133e+09	2.276532637404936e-02
2.828153153153153e+09	2.250954866229534e-02
2.828173173173173e+09	2.159605683439773e-02
2.828193193193193e+09	2.088962315468220e-02
2.828213213213213e+09	2.002485089198787e-02
2.828233233233233e+09	1.972035361652305e-02
2.828253253253253e+09	1.912353895663528e-02
2.828273273273273e+09	1.845364495126764e-02
2.828293293293293e+09	1.766195203583186e-02
2.828313313313313e+09	1.716257650504131e-02
2.828333333333333e+09	1.668756075610651e-02
2.828353353353354e+09	1.581060860489977e-02
2.828373373373374e+09	1.561573034934265e-02
2.828393393393394e+09	1.501891569108819e-02
2.828413413413414e+09	1.466569885275260e-02
2.828433433433434e+09	1.382528637561637e-02
2.828453453453454e+09	1.354514888323589e-02
2.828473473473474e+09	1.321629182710282e-02
2.828493493493494e+09	1.283871520744171e-02
2.828513513513514e+09	1.208356196787320e-02
2.828533533533534e+09	1.186432393080906e-02
2.828553553553554e+09	1.147456742031177e-02
2.828573573573574e+09	1.151110709322560e-02
2.828593593593594e+09	1.058543538111625e-02
2.828613613613614e+09	1.030529788965767e-02
2.828633633633634e+09	1.011041963456578e-02
2.828653653653654e+09	9.927721270364153e-03
2.828673673673674e+09	9.306546832771503e-03
2.828693693693694e+09	9.123848468815594e-03
2.828713713713714e+09	9.964260945741776e-03
2.828733733733734e+09	8.612293049823730e-03
2.828753753753754e+09	8.490494140575547e-03
2.828773773773774e+09	7.820600139748314e-03
2.828793793793794e+09	7.954578939884095e-03
2.828813813813814e+09	7.467383303293183e-03
2.828833833833834e+09	7.503922975926365e-03
2.828853853853854e+09	7.369944175855266e-03
2.828873873873874e+09	7.101986575804861e-03
2.828893893893894e+09	6.760949630234553e-03
2.828913913913914e+09	6.821849084855974e-03
2.828933933933934e+09	6.712230066495465e-03
2.828953953953954e+09	6.054515957480542e-03
2.828973973973974e+09	6.419912684623935e-03
2.828993993993994e+09	5.969256721183678e-03
2.829014014014014e+09	5.993616502921201e-03
2.829034034034034e+09	5.774378466593690e-03
2.829054054054054e+09	5.725658902954296e-03
2.829074074074074e+09	5.506420866823430e-03
2.829094094094094e+09	5.579500212176141e-03
2.829114114114114e+09	5.360262176088363e-03
2.829134134134134e+09	5.396801848934368e-03
2.829154154154154e+09	5.104484467302607e-03
2.829174174174174e+09	5.323722503481998e-03
2.829194194194194e+09	5.287182830576722e-03
2.829214214214214e+09	5.031405121863725e-03
2.829234234234234e+09	5.165383921651904e-03
2.829254254254254e+09	5.116664357980201e-03
2.829274274274274e+09	4.909606212707331e-03
2.829294294294294e+09	4.860886649205230e-03
2.829314314314314e+09	5.043585012638258e-03
2.829334334334334e+09	5.043585012651697e-03
2.829354354354354e+09	4.775627412991769e-03
2.829374374374374e+09	5.177563813013552e-03
2.829394394394394e+09	4.982685558135443e-03
2.829414414414414e+09	4.775627412932569e-03
2.829434434434434e+09	5.055764903687358e-03
2.829454454454454e+09	4.690368176568366e-03
2.829474474474474e+09	5.189743703384108e-03
2.829494494494494e+09	4.690368176573725e-03
2.829514514514514e+09	5.031405121672516e-03
2.829534534534534e+09	4.617288831506350e-03
2.829554554554554e+09	4.824346976550421e-03
2.829574574574574e+09	4.666008394825399e-03
2.829594594594594e+09	4.958325776274026e-03
2.829614614614614e+09	4.605108940408748e-03
2.829634634634634e+09	5.043585013297948e-03
2.829654654654655e+09	5.067944794348898e-03
2.829674674674675e+09	4.994865448996156e-03
2.829694694694695e+09	5.043585012721701e-03
2.829714714714715e+09	4.921786103923365e-03
2.829734734734735e+09	4.799987194589389e-03
2.829754754754755e+09	5.055764903539365e-03
2.829774774774775e+09	5.104484467162571e-03
2.829794794794795e+09	5.116664358093272e-03
2.829814814814815e+09	5.201923594298657e-03
2.829834834834835e+09	4.946145885580218e-03
2.829854854854855e+09	5.104484467194844e-03
2.829874874874875e+09	5.165383921501125e-03
2.829894894894895e+09	4.933965994641449e-03
2.829914914914915e+09	5.141024139882021e-03
2.829934934934935e+09	5.080124685460024e-03
2.829954954954955e+09	5.031405121737158e-03
2.829974974974975e+09	5.128844249026685e-03
2.829994994994995e+09	5.104484467111412e-03
2.830015015015015e+09	5.287182830547092e-03
2.830035035035035e+09	5.469881194249409e-03
2.830055055055055e+09	5.372442066817092e-03
2.830075075075075e+09	5.421161630523800e-03
2.830095095095095e+09	5.640399666821667e-03
2.830115115115115e+09	5.457701303103225e-03
2.830135135135135e+09	5.421161630510343e-03
2.830155155155155e+09	5.579500212168060e-03
2.830175175175175e+09	5.555140430554445e-03
2.830195195195195e+09	5.616039884863300e-03
2.830215215215215e+09	5.396801848753927e-03
2.830235235235235e+09	5.518600757781110e-03
2.830255255255255e+09	5.774378466599084e-03
2.830275275275275e+09	5.628219775804779e-03
2.830295295295295e+09	5.786558357484024e-03
2.830315315315315e+09	5.506420866858390e-03
2.830335335335335e+09	5.786558357672577e-03
2.830355355355355e+09	5.603859994026802e-03
2.830375375375375e+09	5.603859993948713e-03
2.830395395395395e+09	5.725658903107817e-03
2.830415415415415e+09	5.725658903188617e-03
2.830435435435435e+09	5.689119230366833e-03
2.830455455455455e+09	5.628219775767056e-03
2.830475475475475e+09	5.847457812207672e-03
2.830495495495495e+09	5.725658903080893e-03
2.830515515515515e+09	5.859637703103271e-03
2.830535535535535e+09	5.701299121262566e-03
2.830555555555555e+09	5.591680103147251e-03
2.830575575575575e+09	5.823098030359713e-03
2.830595595595595e+09	5.421161630556113e-03
2.830615615615616e+09	5.518600757851161e-03
2.830635635635636e+09	5.689119230487987e-03
2.830655655655656e+09	5.518600757654483e-03
2.830675675675676e+09	5.262823048995303e-03
2.830695695695696e+09	5.676939339495334e-03
2.830715715715716e+09	5.396801848673123e-03
2.830735735735736e+09	5.457701303229783e-03
2.830755755755756e+09	5.323722503296153e-03
2.830775775775776e+09	5.055764903563549e-03
2.830795795795796e+09	5.396801848665057e-03
2.830815815815816e+09	4.921786103603021e-03
2.830835835835836e+09	5.092304576242645e-03
2.830855855855856e+09	5.055764903455873e-03
2.830875875875876e+09	4.726907849376617e-03
2.830895895895896e+09	4.726907849376629e-03
2.830915915915916e+09	4.933965994528360e-03
2.830935935935936e+09	4.824346976569250e-03
2.830955955955956e+09	4.653828503935085e-03
2.830975975975976e+09	4.678188285866508e-03
2.830995995995996e+09	4.666008394838857e-03
2.831016016016016e+09	4.544209486005555e-03
2.831036036036036e+09	4.556389376930881e-03
2.831056056056056e+09	4.398050795176241e-03
2.831076076076076e+09	4.312791559051594e-03
2.831096096096096e+09	4.105733413808342e-03
2.831116116116116e+09	4.288431777117538e-03
2.831136136136136e+09	4.507669813310335e-03
2.831156156156156e+09	4.300611668123610e-03
2.831176176176176e+09	4.227532322695514e-03
2.831196196196196e+09	3.849955705194815e-03
2.831216216216216e+09	4.178812759274112e-03
2.831236236236236e+09	4.044833959388989e-03
2.831256256256256e+09	4.081373632022322e-03
2.831276276276276e+09	3.874315486910918e-03
2.831296296296296e+09	3.825595923527155e-03
2.831316316316316e+09	3.959574723304675e-03
2.831336336336336e+09	4.020474177794016e-03
2.831356356356356e+09	4.008294286787961e-03
2.831376376376376e+09	3.679437232824353e-03
2.831396396396396e+09	3.801236141646961e-03
2.831416416416417e+09	3.667257341950221e-03
2.831436436436437e+09	3.789056250694758e-03
2.831456456456457e+09	3.460199196825362e-03
2.831476476476477e+09	3.715976905449639e-03
2.831496496496497e+09	3.764696469051286e-03
2.831516516516517e+09	3.642897560166857e-03
2.831536536536537e+09	3.569818214674243e-03
2.831556556556557e+09	3.752516578123297e-03
2.831576576576577e+09	3.886495377825480e-03
2.831596596596597e+09	3.667257341899041e-03
2.831616616616617e+09	3.862135596122870e-03
2.831636636636637e+09	3.374939960697954e-03
2.831656656656657e+09	3.825595923384595e-03
2.831676676676677e+09	3.813416032553441e-03
2.831696696696697e+09	3.849955705305156e-03
2.831716716716717e+09	3.825595923481411e-03
2.831736736736737e+09	3.496738869453308e-03
2.831756756756757e+09	3.886495377906201e-03
2.831776776776777e+09	3.813416032459296e-03
2.831796796796797e+09	3.606357887468973e-03
2.831816816816817e+09	3.630717669160855e-03
2.831836836836837e+09	3.898675268766938e-03
2.831856856856857e+09	3.581998105623754e-03
2.831876876876877e+09	3.849955705235198e-03
2.831896896896897e+09	3.996114395790010e-03
2.831916916916917e+09	3.898675268748064e-03
2.831936936936937e+09	3.752516578182543e-03
2.831956956956957e+09	3.764696468943719e-03
2.831976976976977e+09	4.203172540949822e-03
2.831996996996997e+09	4.142273086689329e-03
2.832017017017017e+09	3.825595923346916e-03
2.832037037037037e+09	4.178812759147587e-03
2.832057057057057e+09	4.044833959372856e-03
2.832077077077077e+09	4.020474177549126e-03
2.832097097097097e+09	3.813416032612654e-03
2.832117117117117e+09	3.874315486873267e-03
2.832137137137137e+09	4.044833959496608e-03
2.832157157157157e+09	3.935214941381388e-03
2.832177177177177e+09	3.959574723197090e-03
2.832197197197197e+09	4.069193741072774e-03
2.832217217217217e+09	4.008294286666876e-03
2.832237237237237e+09	3.971754614227341e-03
2.832257257257257e+09	4.337151340686899e-03
2.832277277277277e+09	4.008294286879461e-03
2.832297297297297e+09	4.020474177721326e-03
2.832317317317317e+09	3.801236141695440e-03
2.832337337337337e+09	3.849955705240632e-03
2.832357357357358e+09	3.959574723213185e-03
2.832377377377378e+09	3.618537778472219e-03
2.832397397397398e+09	3.691617123639400e-03
2.832417417417418e+09	3.521098651255476e-03
2.832437437437438e+09	4.069193741215390e-03
2.832457457457458e+09	3.618537778267830e-03
2.832477477477478e+09	3.557638323950675e-03
2.832497497497498e+09	3.484558978667907e-03
2.832517517517518e+09	3.825595923414193e-03
2.832537537537538e+09	3.594177996691609e-03
2.832557557557558e+09	3.825595923470674e-03
2.832577577577578e+09	3.776876359898609e-03
2.832597597597598e+09	3.703797014583518e-03
2.832617617617618e+09	3.557638323966851e-03
2.832637637637638e+09	3.728156796399105e-03
2.832657657657658e+09	3.667257341813012e-03
2.832677677677678e+09	3.606357887477030e-03
2.832697697697698e+09	3.496738869474830e-03
2.832717717717718e+09	3.496738869464092e-03
2.832737737737738e+09	3.326220397107084e-03
2.832757757757758e+09	3.253141051904968e-03
2.832777777777778e+09	3.399299742492038e-03
2.832797797797798e+09	3.106982361242566e-03
2.832817817817818e+09	3.058262797748469e-03
2.832837837837838e+09	3.143522033846293e-03
2.832857857857858e+09	3.180061706498470e-03
2.832877877877878e+09	3.106982361272134e-03
2.832897897897898e+09	3.094802470416719e-03
2.832917917917918e+09	3.314040506278595e-03
2.832937937937938e+09	3.021723125064061e-03
2.832957957957958e+09	3.350580178946861e-03
2.832977977977978e+09	2.814664980151670e-03
2.832997997997998e+09	3.314040506176409e-03
2.833018018018018e+09	3.289680724460302e-03
2.833038038038038e+09	3.082622579531822e-03
2.833058058058058e+09	2.948643779730150e-03
2.833078078078078e+09	2.948643779794700e-03
2.833098098098098e+09	3.216601379155990e-03
2.833118118118118e+09	2.924283998008690e-03
2.833138138138138e+09	2.887744325396859e-03
2.833158158158158e+09	3.204421488257561e-03
2.833178178178178e+09	2.948643779956047e-03
2.833198198198198e+09	2.851204652785029e-03
2.833218218218218e+09	3.009543234251736e-03
2.833238238238238e+09	2.814664980068336e-03
2.833258258258258e+09	3.009543234125308e-03
2.833278278278278e+09	2.948643779727451e-03
2.833298298298298e+09	3.082622579531800e-03
2.833318318318318e+09	2.924283998062454e-03
2.833338338338338e+09	3.033903015959770e-03
2.833358358358358e+09	3.094802470422131e-03
2.833378378378378e+09	3.009543234222079e-03
2.833398398398398e+09	2.960823670760325e-03
2.833418418418418e+09	2.692866071447402e-03
2.833438438438438e+09	3.021723125166228e-03
2.833458458458458e+09	2.851204652669389e-03
2.833478478478478e+09	2.948643779740905e-03
2.833498498498498e+09	3.070442688697958e-03
2.833518518518518e+09	3.106982361264088e-03
2.833538538538538e+09	2.814664980143611e-03
2.833558558558558e+09	2.875564434589911e-03
2.833578578578578e+09	2.948643779794711e-03
2.833598598598598e+09	3.277500833489290e-03
2.833618618618618e+09	2.973003561734027e-03
2.833638638638638e+09	2.778125307437692e-03
2.833658658658659e+09	3.374939960571555e-03
2.833678678678679e+09	2.985183452376930e-03
2.833698698698699e+09	3.167881815594683e-03
2.833718718718719e+09	3.143522033967295e-03
2.833738738738739e+09	3.277500833672203e-03
2.833758758758759e+09	2.936463888915118e-03
2.833778778778779e+09	2.936463889017326e-03
2.833798798798799e+09	3.009543234136084e-03
2.833818818818819e+09	3.350580178876979e-03
2.833838838838839e+09	2.960823670762986e-03
2.833858858858859e+09	3.180061706490383e-03
2.833878878878879e+09	3.131342142980195e-03
2.833898898898899e+09	3.216601379193642e-03
2.833918918918919e+09	3.362760069740409e-03
2.833938938938939e+09	3.448019306007740e-03
2.833958958958959e+09	3.155701924680156e-03
2.833978978978979e+09	3.070442688609208e-03
2.833998998998999e+09	3.228781270046320e-03
2.834019019019019e+09	3.289680724532918e-03
2.834039039039039e+09	3.521098651250137e-03
2.834059059059059e+09	3.192241597488315e-03
2.834079079079079e+09	3.472379087764123e-03
2.834099099099099e+09	3.521098651398066e-03
2.834119119119119e+09	3.082622579486119e-03
2.834139139139139e+09	3.508918760445872e-03
2.834159159159159e+09	3.508918760451247e-03
2.834179179179179e+09	3.728156796399174e-03
2.834199199199199e+09	3.472379087785661e-03
2.834219219219219e+09	3.703797014726219e-03
2.834239239239239e+09	3.508918760392069e-03
2.834259259259259e+09	3.496738869445261e-03
2.834279279279279e+09	3.642897560242149e-03
2.834299299299299e+09	3.618537778429250e-03
2.834319319319319e+09	3.764696469002864e-03
2.834339339339339e+09	3.874315486894785e-03
2.834359359359359e+09	3.886495377941141e-03
2.834379379379379e+09	3.655077451129787e-03
2.834399399399399e+09	3.581998105629131e-03
2.834419419419419e+09	3.655077450890396e-03
2.834439439439439e+09	3.728156796296935e-03
2.834459459459459e+09	3.825595923368434e-03
2.834479479479479e+09	3.801236141660415e-03
2.834499499499499e+09	3.557638323821576e-03
2.834519519519519e+09	3.837775814293788e-03
2.834539539539539e+09	3.923035050657777e-03
2.834559559559559e+09	3.849955705108753e-03
2.834579579579579e+09	3.764696469153473e-03
2.834599599599600e+09	3.740336687259891e-03
2.834619619619620e+09	4.117913304752478e-03
2.834639639639640e+09	4.227532322851556e-03
2.834659659659660e+09	3.764696469008241e-03
2.834679679679680e+09	3.813416032655614e-03
2.834699699699700e+09	3.789056250654413e-03
2.834719719719720e+09	3.764696469105194e-03
2.834739739739740e+09	4.251892104739891e-03
2.834759759759760e+09	3.387119851561402e-03
2.834779779779780e+09	3.874315486940529e-03
2.834799799799800e+09	3.728156796275397e-03
2.834819819819820e+09	3.959574723280468e-03
2.834839839839840e+09	3.971754614079324e-03
2.834859859859860e+09	3.898675268737259e-03
2.834879879879880e+09	3.703797014540493e-03
2.834899899899900e+09	3.923035050609452e-03
2.834919919919920e+09	3.764696469002860e-03
2.834939939939940e+09	3.630717669241563e-03
2.834959959959960e+09	3.947394832325547e-03
2.834979979979980e+09	3.557638323904972e-03
2.835000000000000e+09	4.020474177697111e-03
